Date,Open,High,Low,Close,Volume,Adj Close
2017-02-13,902.204,902.204,895.993,895.993,190128.0,895.993
2017-02-14,902.204,902.204,891.007,892.257,52233.1,892.257
2017-02-15,902.204,907.187,902.204,905.94,7995.68,905.94
2017-02-16,905.94,908.417,899.72,900.957,18803.9,900.957
2017-02-17,904.694,904.694,899.72,902.204,14102.9,902.204
2017-02-20,900.957,902.204,894.737,902.204,19928.9,902.204
2017-02-21,905.94,910.91,904.694,909.667,41063.2,909.667
2017-02-22,913.4,913.4,908.417,912.161,5986.71,912.161
2017-02-23,913.4,913.4,903.46,910.91,14906.5,910.91
2017-02-24,910.91,910.91,903.46,903.46,18161.0,903.46
2017-02-27,904.694,904.694,886.033,892.257,102176.0,892.257
2017-02-28,897.227,902.204,894.737,894.737,11210.0,894.737
2017-03-01,899.72,903.46,893.491,902.204,14344.0,902.204
2017-03-02,919.633,919.633,912.161,915.894,34112.2,915.894
2017-03-03,914.657,914.657,907.187,908.417,12696.6,908.417
2017-03-06,909.667,909.667,904.694,909.667,13540.4,909.667
2017-03-07,910.91,912.161,907.187,909.667,16995.8,909.667
2017-03-08,910.91,910.91,904.694,907.187,21254.8,907.187
2017-03-09,912.161,912.161,908.417,910.91,7392.99,910.91
2017-03-10,917.134,920.87,913.4,920.87,9281.42,920.87
2017-03-13,920.87,922.12,918.38,920.87,21335.2,920.87
2017-03-14,922.12,922.12,919.633,920.87,5866.18,920.87
2017-03-15,918.38,918.38,912.161,918.38,25594.2,918.38
2017-03-16,915.894,919.633,912.161,918.38,15589.5,918.38
2017-03-17,917.134,917.134,912.161,913.4,235611.0,913.4
2017-03-21,910.91,914.657,904.694,909.667,16915.4,909.667
2017-03-22,898.477,908.417,884.787,887.267,154127.0,887.267
2017-03-23,886.033,888.523,883.537,886.033,68345.0,886.033
2017-03-24,887.267,895.993,886.033,893.491,5705.46,893.491
2017-03-27,887.267,893.491,877.323,881.053,55246.5,881.053
2017-03-28,886.033,888.523,884.787,887.267,5303.67,887.267
2017-03-29,889.754,898.477,889.754,898.477,4660.8,898.477
2017-03-30,897.227,898.477,894.737,895.993,6428.69,895.993
2017-03-31,898.477,899.72,886.033,886.033,7071.56,886.033
2017-04-03,883.537,884.787,874.821,882.297,26719.2,882.297
2017-04-04,878.554,878.554,868.604,876.07,255741.0,876.07
2017-04-05,883.455,885.974,870.86,875.899,248119.0,875.899
2017-04-06,868.334,869.594,859.512,863.291,45466.0,863.291
2017-04-07,865.814,873.386,860.779,868.334,19083.0,868.334
2017-04-10,873.386,879.679,869.594,879.679,8490.16,879.679
2017-04-11,870.86,872.12,867.077,872.12,7974.4,872.12
2017-04-12,863.291,863.291,856.992,856.992,51258.3,856.992
2017-04-13,848.171,851.947,841.868,850.694,55543.1,850.694
2017-04-14,850.694,850.694,838.089,838.089,32572.0,838.089
2017-04-17,841.868,844.391,836.829,843.128,6387.45,843.128
2017-04-18,846.907,855.732,846.907,848.171,14401.5,848.171
2017-04-19,845.651,845.651,839.356,845.651,15274.3,845.651
2017-04-20,845.651,853.213,845.651,849.431,2063.03,849.431
2017-04-21,855.732,864.561,855.732,859.512,5911.37,859.512
2017-04-24,867.077,868.334,863.291,863.291,7299.95,863.291
2017-04-25,863.291,879.679,863.291,878.409,6427.13,878.409
2017-04-26,888.503,893.54,887.237,892.287,16147.1,892.287
2017-04-27,889.751,896.066,889.751,893.54,5117.9,893.54
2017-04-28,892.287,892.287,889.751,891.02,2221.72,891.02
2017-05-01,893.54,894.799,891.02,894.799,476.083,894.799
2017-05-02,896.066,901.095,894.799,897.322,24280.2,897.322
2017-05-08,908.667,917.492,908.667,914.963,39078.5,914.963
2017-05-09,914.963,916.229,908.667,909.924,13251.0,909.924
2017-05-10,913.703,913.703,909.924,909.924,1071.18,909.924
2017-05-11,913.703,917.492,911.19,914.963,24915.0,914.963
2017-05-12,913.703,913.703,909.924,912.44,11029.2,912.44
2017-05-15,899.848,907.41,899.848,902.368,11029.2,902.368
2017-05-16,906.141,907.41,899.848,899.848,3451.6,899.848
2017-05-17,899.848,899.848,891.02,891.02,11148.2,891.02
2017-05-18,883.455,885.974,879.679,883.455,14004.8,883.455
2017-05-19,882.195,893.54,880.935,893.54,13131.9,893.54
2017-05-22,896.066,896.066,887.237,896.066,1428.25,896.066
2017-05-23,893.54,893.54,884.718,884.718,7736.36,884.718
2017-05-24,892.287,892.287,887.237,887.237,7022.23,887.237
2017-05-25,891.02,892.287,888.503,891.02,1031.51,891.02
2017-05-26,891.02,891.02,885.974,887.237,4721.16,887.237
2017-05-29,887.237,893.54,884.718,891.02,1944.0,891.02
2017-05-30,889.751,889.751,878.409,885.974,6070.07,885.974
2017-05-31,883.455,884.718,878.409,878.409,4681.49,878.409
2017-06-01,883.455,893.54,883.455,889.751,1904.33,889.751
2017-06-02,892.287,914.963,892.287,907.41,33682.9,907.41
2017-06-05,902.368,906.141,902.368,902.368,7696.69,902.368
2017-06-06,903.621,903.621,898.582,898.582,3530.95,898.582
2017-06-07,894.799,899.848,893.54,899.848,9640.69,899.848
2017-06-08,899.848,902.368,897.322,897.322,1150.53,897.322
2017-06-09,897.322,899.848,897.322,898.582,1983.68,898.582
2017-06-12,901.095,904.888,901.095,903.621,10275.4,903.621
2017-06-13,902.368,903.621,902.368,902.368,833.146,902.368
2017-06-14,906.141,906.141,903.621,903.621,1031.51,903.621
2017-06-15,901.095,902.368,887.237,896.066,17337.3,896.066
2017-06-16,901.095,901.095,894.799,894.799,6189.09,894.799
2017-06-19,898.582,902.368,896.066,896.066,4800.51,896.066
2017-06-20,904.888,907.41,904.888,904.888,5633.65,904.888
2017-06-21,903.621,907.41,897.322,906.141,12060.7,906.141
2017-06-22,904.888,904.888,897.322,903.621,6308.11,903.621
2017-06-23,903.621,904.888,899.848,904.888,9640.69,904.888
2017-06-26,904.888,904.888,897.322,903.621,3173.89,903.621
2017-06-27,902.368,904.888,899.848,899.848,2539.11,899.848
2017-06-28,901.095,907.41,901.095,907.41,10235.8,907.41
2017-06-29,914.963,917.492,912.44,912.44,21463.4,912.44
2017-06-30,907.41,916.229,906.141,909.924,3808.67,909.924
2017-07-03,912.44,916.229,912.44,914.963,5673.33,914.963
2017-07-04,922.515,925.044,917.492,917.492,38404.1,917.492
2017-07-05,919.051,926.62,919.051,925.36,10970.8,925.36
2017-07-06,924.104,929.153,921.571,924.104,4277.45,924.104
2017-07-07,924.104,929.153,920.324,927.89,3921.0,927.89
2017-07-10,927.89,927.89,924.104,924.104,2732.81,924.104
2017-07-11,927.89,927.89,922.838,926.62,9703.49,926.62
2017-07-12,924.104,926.62,922.838,924.104,10139.1,924.104
2017-07-13,926.62,926.62,921.571,924.104,3564.54,924.104
2017-07-14,921.571,925.36,921.571,925.36,10416.4,925.36
2017-07-18,925.36,925.36,916.528,921.571,6891.45,921.571
2017-07-19,921.571,921.571,914.009,921.571,6138.94,921.571
2017-07-20,919.051,925.36,919.051,925.36,3485.33,925.36
2017-07-21,925.36,925.36,922.838,922.838,198.03,922.838
2017-07-24,917.788,920.324,912.736,917.788,6653.82,917.788
2017-07-25,914.009,919.051,914.009,915.265,4554.69,915.265
2017-07-26,919.051,920.324,914.009,914.009,9861.91,914.009
2017-07-27,911.483,917.788,911.483,914.009,14971.1,914.009
2017-07-28,917.788,917.788,911.483,915.265,1108.97,915.265
2017-07-31,910.217,915.265,910.217,911.483,3049.66,911.483
2017-08-01,919.051,919.051,919.051,919.051,990.152,919.051
2017-08-02,921.571,921.571,915.265,915.265,4633.91,915.265
2017-08-03,916.528,919.051,911.483,912.736,2257.54,912.736
2017-08-04,911.483,917.788,910.217,914.009,3128.88,914.009
2017-08-07,919.051,919.051,916.528,916.528,2257.54,916.528
2017-08-08,915.265,915.265,915.265,915.265,79.2121,915.265
2017-08-09,915.265,915.265,910.217,910.217,5386.42,910.217
2017-08-10,910.217,914.009,907.681,907.681,8752.94,907.681
2017-08-14,901.375,905.157,901.375,903.901,5861.7,903.901
2017-08-15,908.954,910.217,905.157,908.954,2653.6,908.954
2017-08-16,908.954,914.009,907.681,907.681,5029.97,907.681
2017-08-17,907.681,910.217,905.157,905.157,990.152,905.157
2017-08-18,898.855,902.651,896.326,900.108,6336.97,900.108
2017-08-21,900.108,900.108,888.747,896.326,56201.0,896.326
2017-08-22,891.273,897.592,891.273,897.592,554.485,897.592
2017-08-23,907.681,907.681,897.592,900.108,26694.5,900.108
2017-08-24,893.797,896.326,891.273,896.326,27763.8,896.326
2017-08-25,897.592,900.108,893.797,900.108,18258.4,900.108
2017-08-28,900.108,900.108,893.797,898.855,2812.03,898.855
2017-08-29,892.536,897.592,892.536,896.326,2653.6,896.326
2017-08-30,897.592,900.108,891.273,898.855,7287.51,898.855
2017-08-31,901.375,906.42,898.855,906.42,5188.39,906.42
2017-09-01,906.42,906.42,900.108,903.901,752.515,903.901
2017-09-04,906.42,906.42,901.375,902.651,1267.39,902.651
2017-09-05,898.855,898.855,895.066,897.592,7445.94,897.592
2017-09-06,892.536,893.797,890.003,893.797,2217.94,893.797
2017-09-07,900.108,900.108,891.273,891.273,1425.81,891.273
2017-09-08,891.273,893.797,890.003,890.003,2455.57,890.003
2017-09-11,896.326,916.528,896.326,898.855,2574.39,898.855
2017-09-12,906.42,908.954,903.901,907.681,5663.67,907.681
2017-09-13,908.954,914.009,908.954,912.736,8198.45,912.736
2017-09-14,912.736,912.736,910.217,910.217,4871.54,910.217
2017-09-15,908.954,915.265,908.954,914.009,10654.0,914.009
2017-09-19,926.62,932.938,925.36,932.938,23922.0,932.938
2017-09-20,931.682,934.201,930.416,932.938,15327.5,932.938
2017-09-21,940.511,943.04,934.201,934.201,13307.6,934.201
2017-09-22,939.244,940.511,931.682,935.461,31764.0,935.461
2017-09-25,940.511,943.04,937.985,939.244,3960.6,939.244
2017-09-26,943.04,943.04,939.244,940.511,2574.39,940.511
2017-09-27,941.777,951.882,941.777,944.303,4673.51,944.303
2017-09-28,950.616,950.616,946.826,948.092,25823.1,948.092
2017-09-29,950.616,950.616,945.559,946.826,3841.79,946.826
2017-10-02,956.927,956.927,948.092,949.346,3287.3,949.346
2017-10-03,950.616,956.927,950.616,955.668,5346.82,955.668
2017-10-04,961.463,962.743,958.907,961.463,4888.36,961.463
2017-10-05,961.463,965.299,953.789,962.743,3519.62,962.743
2017-10-06,953.789,965.299,953.789,965.299,8447.1,965.299
2017-10-10,956.345,964.022,955.069,957.628,7039.25,957.628
2017-10-11,961.463,962.743,961.463,961.463,664.818,961.463
2017-10-12,962.743,965.299,958.907,958.907,10441.5,958.907
2017-10-13,965.299,965.299,953.789,964.022,4184.44,964.022
2017-10-16,964.022,971.693,964.022,969.131,6648.18,969.131
2017-10-17,971.693,974.249,967.848,969.131,4810.15,969.131
2017-10-18,974.249,974.249,969.131,974.249,6765.5,974.249
2017-10-19,971.693,981.926,971.693,976.815,16581.3,976.815
2017-10-20,981.926,981.926,974.249,978.084,3754.26,978.084
2017-10-23,983.199,987.041,983.199,984.485,15212.6,984.485
2017-10-24,984.485,992.152,984.485,992.152,5201.22,992.152
2017-10-25,998.547,1008.78,998.547,999.82,5631.4,999.82
2017-10-26,1006.21,1006.21,994.708,998.547,5474.97,998.547
2017-10-27,1006.21,1016.45,1003.67,1011.34,8759.95,1011.34
2017-10-30,1020.28,1021.55,1012.61,1012.61,6452.64,1012.61
2017-10-31,1007.5,1013.88,1001.1,1013.88,7391.21,1013.88
2017-11-01,1013.88,1019.0,1013.88,1015.16,703.925,1015.16
2017-11-02,1021.55,1025.39,1020.28,1020.28,2698.38,1020.28
2017-11-06,1022.83,1031.78,1019.0,1025.39,7195.68,1025.39
2017-11-07,1027.95,1038.18,1027.95,1030.5,7743.17,1030.5
2017-11-08,1030.5,1040.73,1026.67,1031.78,9620.31,1031.78
2017-11-09,1033.05,1057.35,1027.95,1043.29,112432.0,1043.29
2017-11-10,1022.83,1033.05,1020.28,1033.05,16581.3,1033.05
2017-11-13,1031.78,1031.78,1015.16,1015.16,4966.58,1015.16
2017-11-14,1013.88,1020.28,1013.88,1017.71,7000.14,1017.71
2017-11-15,1017.71,1017.71,984.485,998.547,8212.46,998.547
2017-11-16,984.485,1002.38,983.199,1002.38,7352.1,1002.38
2017-11-17,1004.94,1013.88,1003.67,1003.67,6257.11,1003.67
2017-11-20,1003.67,1003.67,992.152,998.547,10050.4,998.547
2017-11-21,990.879,1008.78,990.879,997.284,5553.18,997.284
2017-11-22,1007.5,1011.34,1007.5,1010.05,1955.34,1010.05
2017-11-24,1010.05,1010.05,1001.1,1010.05,1446.95,1010.05
2017-11-27,1015.16,1015.16,1001.1,1004.94,1916.24,1004.94
2017-11-28,1007.5,1007.5,998.547,1002.38,16776.8,1002.38
2017-11-29,1003.67,1010.05,1003.67,1004.94,586.604,1004.94
2017-11-30,999.82,1017.71,999.82,1017.71,5044.79,1017.71
2017-12-01,1021.55,1025.39,1017.71,1025.39,4731.94,1025.39
2017-12-04,1024.1,1025.39,1022.83,1022.83,1838.02,1022.83
2017-12-05,1020.28,1022.83,1020.28,1021.55,1759.81,1021.55
2017-12-06,1020.28,1020.28,1007.5,1007.5,2463.73,1007.5
2017-12-07,1016.45,1019.0,1016.45,1017.71,2698.38,1017.71
2017-12-08,1022.83,1025.39,1017.71,1025.39,3636.94,1025.39
2017-12-11,1030.5,1035.62,1026.67,1026.67,5083.9,1026.67
2017-12-12,1027.95,1035.62,1027.95,1035.62,3245.87,1035.62
2017-12-13,1038.18,1038.18,1031.78,1031.78,3754.26,1031.78
2017-12-14,1034.34,1035.62,1031.78,1035.62,1955.34,1035.62
2017-12-15,1027.95,1027.95,1017.71,1026.67,7039.25,1026.67
2017-12-18,1026.67,1042.0,1026.67,1042.0,605336.0,1042.0
2017-12-19,1036.89,1045.85,1036.89,1045.85,6452.64,1045.85
2017-12-20,1036.89,1045.85,1036.89,1044.57,10441.5,1044.57
2017-12-21,1043.29,1047.13,1043.29,1044.57,4536.4,1044.57
2017-12-22,1042.0,1061.19,1042.0,1048.41,9229.24,1048.41
2017-12-25,1059.91,1059.91,1053.52,1054.8,7430.32,1054.8
2017-12-26,1062.47,1062.47,1052.25,1057.35,12357.7,1057.35
2017-12-27,1061.19,1061.19,1052.25,1059.91,5748.72,1059.91
2017-12-28,1061.19,1062.47,1052.25,1052.25,4067.12,1052.25
2017-12-29,1059.25,1060.54,1050.3,1057.98,1405.31,1057.98
2018-01-04,1063.1,1081.04,1061.83,1078.48,21001.7,1078.48
2018-01-05,1088.72,1090.0,1083.6,1083.6,8236.72,1083.6
2018-01-09,1101.53,1101.53,1091.28,1097.69,4098.84,1097.69
2018-01-10,1101.53,1105.37,1093.84,1100.25,10149.5,1100.25
2018-01-11,1092.57,1109.2,1092.57,1104.09,24124.6,1104.09
2018-01-12,1109.2,1109.2,1091.28,1093.84,4020.77,1093.84
2018-01-15,1104.09,1110.5,1100.25,1102.81,3161.96,1102.81
2018-01-16,1097.69,1102.81,1097.69,1102.81,2576.41,1102.81
2018-01-17,1104.09,1104.09,1095.12,1097.69,4137.88,1097.69
2018-01-18,1110.5,1110.5,1091.28,1091.28,7729.25,1091.28
2018-01-19,1091.28,1098.98,1088.72,1090.0,8431.91,1090.0
2018-01-22,1091.28,1093.84,1088.72,1088.72,1132.06,1088.72
2018-01-23,1096.41,1101.53,1093.84,1100.25,13506.6,1100.25
2018-01-24,1100.25,1100.25,1093.84,1093.84,6987.55,1093.84
2018-01-25,1088.72,1090.0,1084.88,1084.88,3240.04,1084.88
2018-01-26,1091.28,1091.28,1075.9,1081.04,2771.6,1081.04
2018-01-29,1084.88,1086.16,1077.19,1084.88,1366.28,1084.88
2018-01-30,1090.0,1090.0,1068.22,1068.22,6831.41,1068.22
2018-01-31,1063.1,1069.52,1057.98,1064.38,12843.0,1064.38
2018-02-01,1069.52,1077.19,1068.22,1075.9,12218.4,1075.9
2018-02-02,1079.75,1079.75,1070.8,1075.9,1522.42,1075.9
2018-02-05,1059.25,1063.1,1051.58,1057.98,35952.7,1057.98
2018-02-06,1045.17,1045.17,997.777,1024.68,80532.5,1024.68
2018-02-07,1065.67,1065.67,1018.28,1029.8,27130.4,1029.8
2018-02-08,1028.53,1036.2,1022.11,1032.36,9056.49,1032.36
2018-02-09,1000.35,1010.6,997.777,1005.47,24554.0,1005.47
2018-02-13,1019.56,1019.56,993.938,993.938,12530.7,993.938
2018-02-14,999.06,999.06,982.416,988.817,7846.36,988.817
2018-02-15,1000.35,1000.35,991.373,992.646,5191.87,992.646
2018-02-16,1001.62,1015.71,999.06,1008.02,11047.3,1008.02
2018-02-19,1019.56,1029.8,1004.19,1028.53,13779.9,1028.53
2018-02-20,1029.8,1029.8,1014.42,1022.11,1522.42,1022.11
2018-02-21,1016.99,1023.39,1010.6,1018.28,1444.35,1018.28
2018-02-22,1015.71,1015.71,1000.35,1008.02,5855.49,1008.02
2018-02-23,1006.75,1019.56,1006.75,1019.56,1600.5,1019.56
2018-02-26,1024.68,1025.97,1023.39,1025.97,975.915,1025.97
2018-02-27,1027.24,1033.65,1025.97,1025.97,2147.01,1025.97
2018-02-28,1025.97,1029.8,1024.68,1024.68,1678.57,1024.68
2018-03-01,1020.83,1020.83,999.06,999.06,20767.4,999.06
2018-03-02,986.244,990.09,983.683,990.09,18073.9,990.09
2018-03-05,984.965,984.965,972.167,981.127,10813.1,981.127
2018-03-06,990.09,995.221,984.965,984.965,31892.9,984.965
2018-03-07,983.683,986.244,976.005,976.005,3279.07,976.005
2018-03-08,986.244,986.244,970.884,976.005,11203.5,976.005
2018-03-09,983.683,988.817,983.683,986.244,4098.84,986.244
2018-03-12,993.938,997.777,986.244,991.373,5504.16,991.373
2018-03-13,987.534,996.494,984.965,995.221,5660.31,995.221
2018-03-14,999.06,999.06,990.09,991.373,20533.2,991.373
2018-03-15,990.09,991.373,981.127,988.817,1053.98,988.817
2018-03-16,992.646,992.646,986.244,992.646,5699.34,992.646
2018-03-19,990.09,990.09,973.44,977.278,36889.6,977.278
2018-03-20,970.884,983.683,967.042,983.683,61873.0,983.683
2018-03-22,978.557,984.965,976.005,977.278,1600.5,977.278
2018-03-23,973.44,973.44,951.674,952.95,58398.8,952.95
2018-03-26,949.106,958.079,942.704,958.079,94585.7,958.079
2018-03-27,961.917,973.44,961.917,973.44,9134.57,973.44
2018-03-28,967.042,982.416,967.042,982.416,13116.3,982.416
2018-03-29,997.777,997.777,976.005,976.005,25842.2,976.005
2018-03-30,984.965,992.646,978.557,992.646,9290.71,992.646
2018-04-02,990.09,992.646,982.416,982.416,22446.0,982.416
2018-04-03,978.557,978.557,969.607,973.44,12764.9,973.44
2018-04-04,980.15,981.456,972.35,981.456,11115.9,981.456
2018-04-05,984.058,991.856,984.058,989.261,576.951,989.261
2018-04-06,984.058,989.261,984.058,989.261,307.707,989.261
2018-04-09,987.949,991.856,978.853,991.856,3000.14,991.856
2018-04-10,989.261,1000.94,977.551,994.451,27578.2,994.451
2018-04-11,999.642,999.642,994.451,997.047,384.634,997.047
2018-04-12,999.642,999.642,997.047,997.047,192.317,997.047
2018-04-13,1002.26,1007.46,998.359,1006.14,1384.68,1006.14
2018-04-16,1007.46,1007.46,997.047,999.642,1923.17,999.642
2018-04-17,1003.55,1007.46,998.359,998.359,884.658,998.359
2018-04-18,1006.14,1006.14,999.642,1003.55,1423.14,1003.55
2018-04-19,1003.55,1011.36,1003.55,1003.55,3000.14,1003.55
2018-04-20,1006.14,1011.36,1006.14,1008.75,423.097,1008.75
2018-04-23,1008.75,1015.25,1008.75,1013.95,1346.21,1013.95
2018-04-24,1017.85,1026.95,1017.85,1023.05,4192.51,1023.05
2018-04-25,1021.75,1028.24,1020.45,1026.95,1346.21,1026.95
2018-04-26,1026.95,1029.55,1026.95,1029.55,1153.9,1029.55
2018-04-27,1025.65,1030.84,1020.45,1026.95,1538.53,1026.95
2018-05-01,1029.55,1029.55,1017.85,1023.05,4038.65,1023.05
2018-05-02,1023.05,1023.05,1019.15,1019.15,1192.36,1019.15
2018-05-07,1020.45,1024.35,1013.95,1015.25,3077.07,1015.25
2018-05-08,1019.15,1025.65,1019.15,1025.65,1653.92,1025.65
2018-05-09,1021.75,1021.75,1013.95,1015.25,3000.14,1015.25
2018-05-10,1020.45,1030.84,1019.15,1029.55,38963.4,1029.55
2018-05-11,1028.24,1029.55,1025.65,1028.24,1653.92,1028.24
2018-05-14,1028.24,1029.55,1023.05,1029.55,1692.39,1029.55
2018-05-15,1032.15,1033.45,1032.15,1032.15,4269.43,1032.15
2018-05-16,1029.55,1032.15,1028.24,1029.55,12654.4,1029.55
2018-05-17,1034.75,1039.94,1034.75,1039.94,2692.43,1039.94
2018-05-18,1045.14,1045.14,1039.94,1041.25,1153.9,1041.25
2018-05-21,1045.14,1046.45,1039.94,1041.25,3961.73,1041.25
2018-05-22,1038.65,1045.14,1037.36,1037.36,2192.41,1037.36
2018-05-23,1039.94,1039.94,1028.24,1032.15,6731.09,1032.15
2018-05-24,1026.95,1034.75,1013.95,1016.56,8615.8,1016.56
2018-05-25,1020.45,1020.45,1008.75,1011.36,17885.4,1011.36
2018-05-28,1013.95,1013.95,1000.94,1003.55,26232.0,1003.55
2018-05-29,1003.55,1003.55,995.754,995.754,7577.29,995.754
2018-05-30,991.856,991.856,974.953,984.058,10577.4,984.058
2018-05-31,995.754,995.754,984.058,991.856,4154.04,991.856
2018-06-01,989.261,998.359,982.745,991.856,3846.34,991.856
2018-06-04,999.642,1007.46,998.359,1006.14,3115.53,1006.14
2018-06-05,1006.14,1007.46,1003.55,1007.46,615.414,1007.46
2018-06-06,1012.66,1012.66,1008.75,1011.36,1076.97,1011.36
2018-06-07,1016.56,1021.75,1016.56,1016.56,5384.87,1016.56
2018-06-08,1016.56,1017.85,1010.05,1011.36,7961.92,1011.36
2018-06-11,1011.36,1013.95,1006.14,1010.05,2884.75,1010.05
2018-06-12,1013.95,1017.85,1010.05,1013.95,3154.0,1013.95
2018-06-13,1013.95,1015.25,1012.66,1015.25,1807.78,1015.25
2018-06-14,1012.66,1012.66,1008.75,1012.66,692.341,1012.66
2018-06-15,1013.95,1013.95,1006.14,1008.75,2115.48,1008.75
2018-06-18,1008.75,1008.75,993.149,997.047,4577.14,997.047
2018-06-19,998.359,998.359,985.356,986.649,8500.41,986.649
2018-06-20,987.949,991.856,972.35,980.15,17847.0,980.15
2018-06-21,986.649,986.649,976.248,981.456,4461.75,981.456
2018-06-22,969.745,974.953,963.249,972.35,57618.2,972.35
2018-06-25,978.853,984.058,969.745,974.953,10885.1,974.953
2018-06-26,971.048,985.356,961.954,985.356,13269.8,985.356
2018-06-27,977.551,980.15,973.647,974.953,1884.7,974.953
2018-06-28,977.551,978.853,974.953,974.953,1846.24,974.953
2018-06-29,982.745,982.745,972.35,977.551,3884.8,977.551
2018-07-02,978.853,982.745,964.559,965.854,29501.4,965.854
2018-07-03,969.745,969.745,958.052,963.249,12308.2,963.249
2018-07-04,962.571,966.489,958.664,962.571,10594.7,962.571
2018-07-05,963.874,963.874,956.066,958.664,7830.86,958.664
2018-07-06,959.963,969.088,959.963,965.177,3224.47,965.177
2018-07-09,967.786,975.597,967.786,972.999,12705.9,972.999
2018-07-10,983.419,984.722,980.814,983.419,10517.9,983.419
2018-07-11,979.515,979.515,962.571,970.394,9174.39,970.394
2018-07-12,974.304,974.304,970.394,970.394,2802.22,970.394
2018-07-13,974.304,978.206,971.693,976.909,4721.55,976.909
2018-07-17,979.515,989.932,978.206,987.327,9059.23,987.327
2018-07-18,993.84,993.84,986.024,987.327,4913.48,987.327
2018-07-19,991.225,993.84,986.024,988.62,20268.1,988.62
2018-07-20,988.62,989.932,979.515,984.722,3800.27,984.722
2018-07-23,982.104,988.62,982.104,987.327,4759.93,987.327
2018-07-24,989.932,995.142,989.932,992.537,8099.57,992.537
2018-07-25,996.445,1000.36,995.142,997.737,6333.78,997.737
2018-07-26,1005.56,1005.56,1001.65,1005.56,6640.88,1005.56
2018-07-27,1006.87,1012.08,1004.25,1004.25,12053.3,1004.25
2018-07-30,1006.87,1010.76,1006.87,1008.16,2072.87,1008.16
2018-07-31,1009.47,1012.08,1002.96,1002.96,5489.28,1002.96
2018-08-01,1012.08,1013.38,1005.56,1013.38,16506.2,1013.38
2018-08-02,1015.97,1015.97,1005.56,1006.87,13857.5,1006.87
2018-08-03,1004.25,1008.16,1001.65,1001.65,7907.63,1001.65
2018-08-06,1002.96,1002.96,995.142,999.05,8752.14,999.05
2018-08-07,999.05,1002.96,999.05,1002.96,3378.02,1002.96
2018-08-08,1010.76,1010.76,1008.16,1008.16,1880.94,1008.16
2018-08-09,1006.87,1006.87,999.05,1004.25,4107.36,1004.25
2018-08-10,1002.96,1002.96,993.84,995.142,8944.07,995.142
2018-08-13,992.537,992.537,971.693,972.999,40996.8,972.999
2018-08-14,979.515,986.024,975.597,986.024,12437.2,986.024
2018-08-15,986.024,986.024,974.304,979.515,4951.87,979.515
2018-08-16,970.394,979.515,963.874,979.515,25296.7,979.515
2018-08-17,983.419,987.327,980.814,982.104,50132.8,982.104
2018-08-20,986.024,986.024,980.814,983.419,5719.6,983.419
2018-08-21,983.419,983.419,976.909,978.206,3378.02,978.206
2018-08-22,975.597,987.327,975.597,984.722,5911.53,984.722
2018-08-23,989.932,989.932,984.722,984.722,4491.23,984.722
2018-08-24,987.327,988.62,986.024,986.024,1535.46,986.024
2018-08-27,987.327,996.445,987.327,996.445,5028.64,996.445
2018-08-28,1004.25,1006.87,1000.36,1001.65,10095.6,1001.65
2018-08-29,1001.65,1008.16,1001.65,1006.87,21342.9,1006.87
2018-08-30,1010.76,1010.76,1000.36,1001.65,11439.2,1001.65
2018-08-31,1000.36,1000.36,992.537,995.142,10057.2,995.142
2018-09-03,993.84,993.84,983.419,986.024,5220.57,986.024
2018-09-04,987.327,987.327,982.104,983.419,14548.5,983.419
2018-09-05,982.104,982.104,974.304,976.909,10556.3,976.909
2018-09-06,972.999,974.304,966.489,966.489,28636.4,966.489
2018-09-07,963.874,963.874,957.361,961.273,27254.4,961.273
2018-09-10,959.963,966.489,958.664,965.177,9327.94,965.177
2018-09-11,967.786,971.693,965.177,969.088,10249.2,969.088
2018-09-12,971.693,971.693,963.874,966.489,33972.1,966.489
2018-09-13,969.088,979.515,969.088,976.909,19462.0,976.909
2018-09-14,987.327,989.932,984.722,989.932,2802.22,989.932
2018-09-18,988.62,1006.87,988.62,1005.56,21957.1,1005.56
2018-09-19,1019.89,1023.8,1018.59,1018.59,13627.2,1018.59
2018-09-20,1022.5,1026.4,1021.19,1021.19,15162.7,1021.19
2018-09-21,1029.01,1039.42,1029.01,1031.61,23262.2,1031.61
2018-09-25,1035.52,1043.34,1035.52,1043.34,14011.1,1043.34
2018-09-26,1044.63,1047.24,1040.73,1045.94,9711.8,1045.94
2018-09-27,1045.94,1048.54,1040.73,1042.02,59959.8,1042.02
2018-09-28,1048.54,1056.36,1047.24,1052.45,89325.6,1052.45
2018-10-01,1049.85,1055.05,1045.94,1055.05,9980.51,1055.05
2018-10-02,1057.66,1068.09,1057.66,1057.66,16851.7,1057.66
2018-10-03,1056.18,1058.83,1046.94,1048.27,32986.7,1048.27
2018-10-04,1057.5,1058.83,1052.23,1052.23,13331.0,1052.23
2018-10-05,1046.94,1054.86,1046.94,1050.9,2234.46,1050.9
2018-10-09,1045.62,1045.62,1036.37,1039.01,28745.0,1039.01
2018-10-10,1044.3,1044.3,1037.7,1042.98,9846.78,1042.98
2018-10-11,1017.89,1017.89,1006.02,1009.97,174250.0,1009.97
2018-10-12,1000.73,1007.33,998.093,1007.33,32305.0,1007.33
2018-10-15,1000.73,1000.73,991.491,994.126,20602.5,994.126
2018-10-16,992.813,1006.02,992.813,1006.02,24882.0,1006.02
2018-10-17,1017.89,1019.21,1011.3,1015.26,15338.2,1015.26
2018-10-18,1021.85,1021.85,1013.93,1013.93,5074.88,1013.93
2018-10-19,1003.37,1007.33,999.415,1007.33,13936.9,1007.33
2018-10-22,1000.73,1008.66,998.093,1007.33,20451.0,1007.33
2018-10-23,1007.33,1007.33,983.574,983.574,58020.3,983.574
2018-10-24,988.856,988.856,973.006,980.933,87068.3,980.933
2018-10-25,957.164,963.762,951.888,955.851,82334.2,955.851
2018-10-26,971.686,971.686,947.928,955.851,31509.7,955.851
2018-10-29,961.121,962.447,953.207,953.207,29540.3,953.207
2018-10-30,953.207,967.722,951.888,963.762,13596.1,963.762
2018-10-31,973.006,982.252,967.722,982.252,20791.8,982.252
2018-11-01,980.933,980.933,965.085,969.049,920371.0,969.049
2018-11-02,974.334,983.574,965.085,983.574,19693.5,983.574
2018-11-05,976.976,976.976,967.722,967.722,27268.0,967.722
2018-11-06,969.049,984.89,969.049,982.252,7991.04,982.252
2018-11-07,983.574,987.524,966.41,971.686,24844.2,971.686
2018-11-08,986.202,988.856,983.574,983.574,15489.7,983.574
2018-11-09,984.89,984.89,976.976,978.288,6665.51,978.288
2018-11-12,976.976,979.603,970.367,976.976,22268.8,976.976
2018-11-13,966.41,967.722,950.559,957.164,69722.8,957.164
2018-11-14,959.803,965.085,958.486,958.486,5415.73,958.486
2018-11-15,958.486,958.486,950.559,958.486,27873.9,958.486
2018-11-16,958.486,959.803,950.559,951.888,22723.3,951.888
2018-11-19,951.888,957.164,945.28,950.559,32305.0,950.559
2018-11-20,945.28,951.888,941.32,950.559,15792.7,950.559
2018-11-21,940.001,945.28,937.359,945.28,26283.3,945.28
2018-11-22,949.244,949.244,940.001,949.244,7119.98,949.244
2018-11-26,947.928,950.559,942.642,950.559,8256.15,950.559
2018-11-27,955.851,958.486,951.888,955.851,6135.3,955.851
2018-11-28,958.486,959.803,951.888,958.486,5718.71,958.486
2018-11-29,962.447,966.41,958.486,959.803,13823.3,959.803
2018-11-30,959.803,962.447,957.164,958.486,16588.0,958.486
2018-12-03,974.334,976.976,967.722,973.006,20375.2,973.006
2018-12-04,973.006,973.006,951.888,953.207,21246.3,953.207
2018-12-05,945.28,946.602,934.724,942.642,42833.5,942.642
2018-12-06,940.001,940.001,925.478,930.757,57868.8,930.757
2018-12-07,936.041,936.041,924.156,930.757,28820.7,930.757
2018-12-10,924.156,936.041,912.279,916.236,40523.3,916.236
2018-12-11,914.917,914.917,897.756,903.033,49423.2,903.033
2018-12-12,910.96,920.203,910.96,918.881,15754.8,918.881
2018-12-13,922.838,932.08,921.521,928.123,13368.9,928.123
2018-12-14,924.156,925.478,913.601,914.917,16701.6,914.917
2018-12-17,913.601,921.521,913.601,914.917,20905.4,914.917
2018-12-18,910.96,910.96,901.72,903.033,33592.6,903.033
2018-12-19,903.033,903.033,891.158,897.756,43136.5,897.756
2018-12-20,888.52,895.119,875.307,877.959,131189.0,877.959
2018-12-21,873.988,876.629,858.154,864.749,205987.0,864.749
2018-12-25,830.418,846.266,823.827,826.464,292866.0,826.464
2018-12-26,834.382,842.306,822.497,833.066,60444.1,833.066
2018-12-27,870.031,872.672,860.789,866.064,45825.4,866.064
2018-12-28,868.456,872.423,860.512,865.807,95742.7,865.807
2019-01-04,847.273,860.512,843.306,857.868,52800.1,857.868
2019-01-07,886.984,888.306,881.692,884.343,24851.5,884.343
2019-01-08,886.984,896.25,885.665,894.931,21150.2,894.931
2019-01-09,897.579,898.901,893.609,896.25,5136.49,896.25
2019-01-10,893.609,894.931,889.628,893.609,37277.3,893.609
2019-01-11,900.22,901.549,896.25,900.22,9706.46,900.22
2019-01-15,900.22,912.134,898.901,912.134,146994.0,912.134
2019-01-16,906.842,906.842,901.549,905.52,8120.19,905.52
2019-01-17,910.815,910.815,906.842,910.815,39770.0,910.815
2019-01-18,913.466,921.41,913.466,918.758,98348.7,918.758
2019-01-21,925.374,928.024,924.057,925.374,14276.4,925.374
2019-01-22,925.374,926.696,917.436,920.084,21263.5,920.084
2019-01-23,917.436,920.084,910.815,914.785,10650.6,914.785
2019-01-24,914.785,921.41,912.134,918.758,6269.54,918.758
2019-01-25,924.057,928.024,924.057,926.696,11934.7,926.696
2019-01-28,930.669,930.669,924.057,924.057,5703.01,924.057
2019-01-29,921.41,921.41,913.466,918.758,131320.0,918.758
2019-01-30,918.758,918.758,913.466,914.785,5703.01,914.785
2019-01-31,926.696,926.696,921.41,925.374,101861.0,925.374
2019-02-01,924.057,924.057,912.134,912.134,13709.9,912.134
2019-02-04,914.785,921.41,914.785,921.41,12954.5,921.41
2019-02-05,925.374,925.374,918.758,921.41,26097.9,921.41
2019-02-06,924.057,925.374,921.41,921.41,15938.2,921.41
2019-02-07,917.436,917.436,908.17,910.815,10990.5,910.815
2019-02-08,910.815,910.815,886.984,890.958,31347.7,890.958
2019-02-12,893.609,909.489,893.609,902.868,19526.2,902.868
2019-02-13,908.17,917.436,908.17,917.436,29572.6,917.436
2019-02-14,918.758,922.732,913.466,917.436,10386.2,917.436
2019-02-15,916.111,916.111,906.842,910.815,7478.13,910.815
2019-02-18,928.024,928.024,922.732,926.696,31914.2,926.696
2019-02-19,926.696,930.669,925.374,930.669,21527.9,930.669
2019-02-20,930.669,933.333,930.669,930.669,18544.2,930.669
2019-02-21,933.333,934.642,925.374,931.995,15787.1,931.995
2019-02-22,931.995,931.995,922.732,926.696,10461.8,926.696
2019-02-25,934.642,934.642,929.35,931.995,16920.2,931.995
2019-02-26,930.669,930.669,921.41,924.057,25342.5,924.057
2019-02-27,929.35,931.995,928.024,930.669,7100.44,930.669
2019-02-28,929.35,929.35,921.41,921.41,6118.47,921.41
2019-03-01,924.057,926.696,920.084,924.057,24813.8,924.057
2019-03-04,930.669,930.669,924.057,929.35,19979.4,929.35
2019-03-05,926.696,926.696,921.41,924.057,28099.6,924.057
2019-03-06,924.057,924.057,917.436,918.758,38825.8,918.758
2019-03-07,916.111,916.111,906.842,912.134,157305.0,912.134
2019-03-08,910.815,910.815,894.931,896.25,42904.8,896.25
2019-03-11,896.25,901.549,893.609,900.22,22207.7,900.22
2019-03-12,908.17,914.785,908.17,913.466,11708.1,913.466
2019-03-13,910.815,912.134,900.22,904.2,31121.1,904.2
2019-03-14,906.842,913.466,901.549,901.549,10424.0,901.549
2019-03-15,905.52,913.466,905.52,912.134,69304.9,912.134
2019-03-18,917.436,917.436,912.134,917.436,7478.13,917.436
2019-03-19,918.758,920.084,914.785,918.758,14314.2,918.758
2019-03-20,916.111,922.732,916.111,918.758,15447.2,918.758
2019-03-22,924.057,924.057,917.436,918.758,21036.9,918.758
2019-03-25,912.134,912.134,894.931,897.579,189748.0,897.579
2019-03-26,909.489,917.436,902.868,917.436,41885.0,917.436
2019-03-27,917.436,921.41,914.785,918.758,16051.5,918.758
2019-03-28,917.436,918.758,904.2,906.842,41998.3,906.842
2019-03-29,913.466,913.466,906.842,906.842,14654.1,906.842
2019-04-01,918.758,929.35,917.436,924.057,56992.4,924.057
2019-04-02,928.024,933.333,926.696,930.669,256673.0,930.669
2019-04-03,930.781,944.251,929.439,944.251,76762.8,944.251
2019-04-04,938.866,940.211,934.823,934.823,8054.9,934.823
2019-04-05,938.866,942.905,936.165,938.866,26763.0,938.866
2019-04-08,944.251,944.251,930.781,932.123,8240.49,932.123
2019-04-09,933.481,933.481,926.735,930.781,26391.8,930.781
2019-04-10,925.393,925.393,920.008,922.699,15775.7,922.699
2019-04-11,925.393,925.393,917.312,920.008,10838.8,920.008
2019-04-12,924.051,924.051,918.66,918.66,7535.22,918.66
2019-04-15,932.123,932.123,928.083,929.439,70675.2,929.439
2019-04-16,929.439,930.781,926.735,929.439,11581.2,929.439
2019-04-17,932.123,938.866,930.781,937.514,17668.8,937.514
2019-04-18,938.866,938.866,930.781,932.123,25723.7,932.123
2019-04-19,934.823,934.823,926.735,929.439,16109.8,929.439
2019-04-22,929.439,929.439,925.393,926.735,14031.1,926.735
2019-04-23,926.735,932.123,926.735,930.781,8463.21,930.781
2019-04-24,928.083,929.439,918.66,920.008,18448.3,920.008
2019-04-25,924.051,924.051,917.312,924.051,21603.4,924.051
2019-04-26,918.66,924.051,911.924,924.051,36896.6,924.051
2019-05-07,915.96,917.312,903.845,907.881,215737.0,907.881
2019-05-08,902.503,902.503,889.02,894.414,102412.0,894.414
2019-05-09,894.414,894.414,878.251,882.291,66740.6,882.291
2019-05-10,876.903,886.33,875.554,880.942,61989.3,880.942
2019-05-13,880.942,880.942,874.212,878.251,50222.4,878.251
2019-05-14,866.12,872.86,856.696,871.515,82108.0,871.515
2019-05-15,872.86,874.212,866.12,872.86,34706.5,872.86
2019-05-16,872.86,872.86,862.087,867.469,31662.8,867.469
2019-05-17,875.554,875.554,867.469,871.515,42353.1,871.515
2019-05-20,878.251,878.251,871.515,874.212,14699.2,874.212
2019-05-21,871.515,874.212,870.169,874.212,8092.01,874.212
2019-05-22,880.942,880.942,872.86,874.212,8240.49,874.212
2019-05-23,874.212,874.212,866.12,868.817,40942.6,868.817
2019-05-24,862.087,866.12,856.696,864.778,64958.8,864.778
2019-05-27,864.778,870.169,864.778,868.817,9020.0,868.817
2019-05-28,870.169,872.86,868.817,872.86,11618.3,872.86
2019-05-29,867.469,867.469,858.048,867.469,29138.6,867.469
2019-05-30,862.087,868.817,862.087,868.817,3563.45,868.817
2019-05-31,866.12,866.12,855.347,855.347,50630.8,855.347
2019-06-03,855.347,855.347,843.224,848.618,69895.7,848.618
2019-06-04,851.309,855.347,847.27,855.347,15553.0,855.347
2019-06-05,863.423,868.817,862.087,863.423,24795.7,863.423
2019-06-06,867.469,867.469,862.087,863.423,12175.1,863.423
2019-06-07,868.817,870.169,863.423,870.169,24016.2,870.169
2019-06-10,870.169,875.554,868.817,875.554,11618.3,875.554
2019-06-11,874.212,880.942,874.212,878.251,30957.5,878.251
2019-06-12,875.554,879.6,875.554,876.903,4751.27,876.903
2019-06-13,876.903,876.903,862.087,868.817,13845.5,868.817
2019-06-14,868.817,870.169,866.12,870.169,16184.0,870.169
2019-06-17,871.515,871.515,864.778,867.469,41425.2,867.469
2019-06-18,867.469,867.469,859.393,859.393,41610.7,859.393
2019-06-19,875.554,876.903,868.817,876.903,20230.0,876.903
2019-06-20,880.942,880.942,872.86,878.251,14810.6,878.251
2019-06-21,880.942,880.942,872.86,875.554,21677.7,875.554
2019-06-24,875.554,879.6,872.86,879.6,18559.6,879.6
2019-06-25,879.6,879.6,871.515,874.212,28990.2,874.212
2019-06-26,872.86,875.554,871.515,871.515,10393.4,871.515
2019-06-27,875.554,882.291,875.554,882.291,9354.07,882.291
2019-06-28,882.291,882.291,878.251,879.6,13993.9,879.6
2019-07-01,893.066,897.102,889.02,895.76,45916.6,895.76
2019-07-02,895.76,901.144,894.414,901.144,99479.8,901.144
2019-07-03,895.02,895.02,882.873,895.02,102299.0,895.02
2019-07-04,890.97,893.671,889.618,892.326,31815.9,892.326
2019-07-05,895.02,896.365,892.326,893.671,31630.7,893.671
2019-07-08,897.724,897.724,889.618,890.97,29704.7,890.97
2019-07-09,893.671,895.02,886.919,892.326,13259.7,892.326
2019-07-10,892.326,892.326,884.221,889.618,22852.6,889.618
2019-07-11,888.267,892.326,885.573,892.326,28852.8,892.326
2019-07-12,893.671,895.02,889.618,890.97,6333.55,890.97
2019-07-16,893.671,893.671,884.221,886.919,62594.8,886.919
2019-07-17,888.267,888.267,881.517,886.919,13074.5,886.919
2019-07-18,882.873,882.873,863.969,865.321,124300.0,865.321
2019-07-19,869.377,877.471,866.67,876.116,11518.9,876.116
2019-07-22,877.471,880.165,872.07,873.419,17778.4,873.419
2019-07-23,877.471,882.873,876.116,880.165,17519.1,880.165
2019-07-24,885.573,886.919,882.873,882.873,5629.82,882.873
2019-07-25,888.267,888.267,877.471,877.471,44668.2,877.471
2019-07-26,877.471,877.471,872.07,874.771,13556.0,874.771
2019-07-29,877.471,877.471,866.67,868.025,16333.9,868.025
2019-07-30,870.719,873.419,868.025,868.025,15074.6,868.025
2019-07-31,866.67,868.025,863.969,865.321,12370.8,865.321
2019-08-01,863.969,870.719,861.268,866.67,30075.1,866.67
2019-08-02,861.268,862.624,842.368,846.424,194080.0,846.424
2019-08-05,846.424,846.424,823.471,832.922,199377.0,832.922
2019-08-06,808.89,834.27,807.268,834.27,157190.0,834.27
2019-08-07,834.27,834.27,826.172,830.221,51668.4,830.221
2019-08-08,831.573,831.573,822.117,824.82,44446.0,824.82
2019-08-09,828.876,828.876,822.117,826.172,26112.0,826.172
2019-08-13,816.725,816.725,807.545,811.321,113744.0,811.321
2019-08-14,820.768,820.768,814.025,818.061,13185.6,818.061
2019-08-15,801.871,807.801,796.736,807.545,265231.0,807.545
2019-08-16,806.995,808.627,800.516,808.627,37668.0,808.627
2019-08-19,816.725,818.061,811.321,818.061,14963.4,818.061
2019-08-20,822.117,822.117,818.061,820.768,23297.1,820.768
2019-08-21,816.725,816.725,812.676,816.725,13407.8,816.725
2019-08-22,818.061,818.061,814.025,815.367,12778.2,815.367
2019-08-23,815.367,819.416,815.367,818.061,14778.3,818.061
2019-08-26,805.919,805.919,798.091,805.919,119078.0,805.919
2019-08-27,812.676,812.676,811.321,812.676,18185.8,812.676
2019-08-28,809.969,812.676,809.436,811.321,12000.4,811.321
2019-08-29,814.025,815.367,809.16,812.676,33482.6,812.676
2019-08-30,820.768,826.172,819.416,826.172,145894.0,826.172
2019-09-02,827.514,828.876,823.471,826.172,32741.9,826.172
2019-09-03,826.172,832.922,826.172,831.573,37223.5,831.573
2019-09-04,830.221,830.221,822.117,827.514,34816.0,827.514
2019-09-05,831.573,842.368,831.573,842.368,79373.1,842.368
2019-09-06,849.115,850.47,846.424,849.115,35519.7,849.115
2019-09-09,850.47,854.523,850.47,854.523,34482.7,854.523
2019-09-10,859.916,873.419,859.916,872.07,161413.0,872.07
2019-09-11,880.165,899.072,880.165,896.365,86632.6,896.365
2019-09-12,899.072,904.467,897.724,901.773,125226.0,901.773
2019-09-13,903.115,904.467,893.671,903.115,64668.9,903.115
2019-09-17,903.115,911.219,901.773,907.17,81928.8,907.17
2019-09-18,909.874,909.874,896.365,897.724,79669.4,897.724
2019-09-19,903.115,908.515,899.072,899.072,101522.0,899.072
2019-09-20,899.072,905.819,899.072,901.773,54964.9,901.773
2019-09-24,900.414,905.819,900.414,901.773,29778.8,901.773
2019-09-25,899.072,903.115,892.326,903.115,24297.1,903.115
2019-09-26,904.467,911.219,903.115,905.819,103299.0,905.819
2019-09-27,908.515,908.515,896.365,904.467,48483.1,904.467
2019-09-30,896.365,901.773,890.97,890.97,46853.5,890.97
2019-10-01,897.724,907.17,897.724,904.467,35853.1,904.467
2019-10-02,896.365,903.115,892.326,903.115,34704.9,903.115
2019-10-03,885.573,888.267,880.165,885.573,168450.0,885.573
2019-10-04,884.807,884.807,877.932,883.428,62231.0,883.428
2019-10-07,888.912,888.912,879.304,880.682,13319.6,880.682
2019-10-08,886.172,891.668,886.172,888.912,27439.9,888.912
2019-10-09,880.682,883.428,879.304,882.047,16485.7,882.047
2019-10-10,882.047,886.172,872.436,886.172,24783.2,886.172
2019-10-11,890.299,899.915,890.299,898.543,18924.0,898.543
2019-10-15,906.783,913.657,906.783,909.526,45963.6,909.526
2019-10-16,917.778,926.018,912.279,912.279,123843.0,912.279
2019-10-17,913.657,913.657,909.526,912.279,29914.5,912.279
2019-10-18,912.279,916.404,910.903,910.903,25729.4,910.903
2019-10-21,912.279,917.778,912.279,916.404,12337.0,916.404
2019-10-23,921.896,921.896,916.404,921.896,11645.5,921.896
2019-10-24,927.387,930.14,926.018,930.14,64596.5,930.14
2019-10-25,928.764,928.764,924.636,926.018,19178.8,926.018
2019-10-28,932.886,934.258,928.764,931.517,38102.8,931.517
2019-10-29,934.258,939.757,934.258,939.757,73549.1,939.757
2019-10-30,935.636,937.004,934.258,937.004,43307.0,937.004
2019-10-31,937.004,938.375,928.764,937.004,15357.6,937.004
2019-11-01,927.387,934.258,927.387,931.517,24492.1,931.517
2019-11-05,942.5,950.744,941.129,950.744,378117.0,950.744
2019-11-06,953.49,954.869,949.375,953.49,60083.9,953.49
2019-11-07,953.49,956.243,947.997,956.243,47746.8,956.243
2019-11-08,960.358,965.861,957.612,960.358,57863.9,960.358
2019-11-11,961.743,964.493,960.358,960.358,61175.6,960.358
2019-11-12,961.743,969.972,958.993,969.972,23691.4,969.972
2019-11-13,964.493,964.493,957.612,958.993,40868.7,958.993
2019-11-14,958.993,958.993,945.25,949.375,31188.3,949.375
2019-11-15,946.625,956.243,946.625,956.243,14083.8,956.243
2019-11-18,953.49,954.869,950.744,950.744,48620.3,950.744
2019-11-19,953.49,953.49,946.625,949.375,30533.2,949.375
2019-11-20,946.625,946.625,939.757,941.129,31406.6,941.129
2019-11-21,937.004,943.882,928.764,942.5,39340.2,942.5
2019-11-22,941.129,945.25,939.757,939.757,9061.71,939.757
2019-11-25,949.375,952.118,947.997,949.375,18814.8,949.375
2019-11-26,958.993,958.993,949.375,954.869,21435.1,954.869
2019-11-27,956.243,956.243,953.49,953.49,11754.7,953.49
2019-11-28,953.49,956.243,950.744,950.744,8297.47,950.744
2019-11-29,950.744,956.243,947.997,950.744,15357.6,950.744
2019-12-02,950.744,957.612,950.744,957.612,10808.5,957.612
2019-12-03,949.375,952.118,947.997,949.375,18014.2,949.375
2019-12-04,945.25,947.997,941.129,947.997,32898.7,947.997
2019-12-05,957.612,957.612,953.49,953.49,13246.8,953.49
2019-12-06,956.243,958.993,953.49,954.869,15867.1,954.869
2019-12-09,964.493,965.861,961.743,963.114,18341.7,963.114
2019-12-10,963.114,964.493,963.114,963.114,13647.1,963.114
2019-12-11,963.114,963.114,957.612,961.743,9534.82,961.743
2019-12-12,964.493,964.493,956.243,957.612,12082.2,957.612
2019-12-13,972.732,975.476,971.361,971.361,76096.5,971.361
2019-12-16,971.361,971.361,968.605,968.605,20598.1,968.605
2019-12-17,972.732,975.476,969.972,971.361,57390.8,971.361
2019-12-18,971.361,975.476,968.605,968.605,12045.8,968.605
2019-12-19,968.605,971.361,965.861,965.861,14229.4,965.861
2019-12-20,968.605,968.605,964.493,964.493,25147.1,964.493
2019-12-23,968.605,968.605,960.358,960.358,18960.4,960.358
2019-12-24,960.358,961.743,956.243,958.993,23764.2,958.993
2019-12-25,961.743,961.743,953.49,956.243,17905.0,956.243
2019-12-26,954.869,958.993,954.869,957.612,13537.9,957.612
2019-12-27,958.993,965.861,958.993,963.114,25947.8,963.114
2019-12-30,960.358,960.358,953.49,958.993,41414.5,958.993
2020-01-06,942.537,946.671,939.787,946.671,51524.7,946.671
2020-01-07,949.434,954.941,946.671,954.941,178486.0,954.941
2020-01-08,943.918,945.29,935.652,942.537,45900.5,942.537
2020-01-09,954.941,954.941,950.799,952.181,22460.4,952.181
2020-01-10,954.941,956.315,950.799,950.799,12300.6,950.799
2020-01-14,952.181,954.941,948.053,950.799,76380.0,950.799
2020-01-15,950.799,950.799,948.053,950.799,12881.1,950.799
2020-01-16,949.434,949.434,943.918,945.29,15965.4,945.29
2020-01-17,950.799,956.315,949.434,956.315,10050.9,956.315
2020-01-20,954.941,961.828,954.941,959.075,47497.1,959.075
2020-01-21,957.697,960.447,953.562,953.562,24419.8,953.562
2020-01-22,953.562,956.315,950.799,956.315,17852.2,956.315
2020-01-23,950.799,952.181,946.671,948.053,27939.4,948.053
2020-01-24,946.671,946.671,942.537,943.918,17670.8,943.918
2020-01-27,937.024,937.024,928.758,931.517,66982.1,931.517
2020-01-28,923.245,926.005,920.485,924.617,45138.5,924.617
2020-01-29,924.617,930.136,921.873,928.758,17199.1,928.758
2020-01-30,923.245,927.38,914.976,921.873,76053.4,921.873
2020-01-31,923.245,930.136,923.245,923.245,45719.1,923.245
2020-02-03,908.085,917.736,908.085,916.357,81822.7,916.357
2020-02-04,909.463,916.357,909.463,914.976,88934.6,914.976
2020-02-05,921.873,927.38,921.873,924.617,69848.7,924.617
2020-02-06,939.787,948.053,938.399,946.671,71662.9,946.671
2020-02-07,945.29,945.29,935.652,941.162,31459.1,941.162
2020-02-10,930.136,938.399,930.136,932.889,47061.6,932.889
2020-02-12,937.024,937.024,927.38,928.758,47351.9,928.758
2020-02-13,928.758,930.136,924.617,924.617,73223.2,924.617
2020-02-14,921.873,921.873,914.976,920.485,94558.8,920.485
2020-02-17,914.976,917.736,909.463,916.357,104392.0,916.357
2020-02-18,913.601,917.736,908.085,910.841,85668.9,910.841
2020-02-19,909.463,910.841,908.085,908.085,92925.9,908.085
2020-02-20,916.357,920.485,909.463,909.463,80226.2,909.463
2020-02-21,913.601,917.736,913.601,913.601,70792.1,913.601
2020-02-25,879.156,892.924,875.018,890.175,212666.0,890.175
2020-02-26,890.175,899.829,879.156,883.28,170213.0,883.28
2020-02-27,876.39,876.39,862.617,863.992,213573.0,863.992
2020-02-28,841.947,846.079,830.922,840.562,397466.0,840.562
2020-03-02,822.376,846.079,820.445,837.812,224386.0,837.812
2020-03-03,851.595,851.595,826.78,826.78,127723.0,826.78
2020-03-04,818.797,829.537,817.143,825.415,119450.0,825.415
2020-03-05,835.056,835.056,825.139,829.537,18868.2,829.537
2020-03-06,813.005,815.765,796.742,800.328,263647.0,800.328
2020-03-09,772.767,784.345,741.351,747.413,383569.0,747.413
2020-03-10,747.413,755.403,710.211,751.548,217274.0,751.548
2020-03-11,747.413,760.369,741.904,742.456,117019.0,742.456
2020-03-12,724.539,728.121,703.597,711.04,162919.0,711.04
2020-03-13,672.447,701.666,646.824,673.829,295795.0,673.829
2020-03-16,677.963,687.338,661.708,662.53,135669.0,662.53
2020-03-17,654.537,676.036,642.693,673.007,149675.0,673.007
2020-03-18,676.309,693.396,671.085,672.73,199386.0,672.73
2020-03-19,686.513,691.466,674.381,683.746,95502.2,683.746
2020-03-23,685.68,688.986,673.28,687.058,113935.0,687.058
2020-03-24,702.765,716.28,693.943,716.28,120466.0,716.28
2020-03-25,753.479,761.198,744.384,759.817,244524.0,759.817
2020-03-26,757.887,757.887,735.838,746.864,83129.0,746.864
2020-03-27,773.869,773.869,752.371,762.294,46009.4,762.294
2020-03-30,734.74,761.748,734.74,757.061,149058.0,757.061
2020-03-31,766.156,766.156,739.7,744.936,99348.4,744.936
2020-04-01,734.457,739.967,711.04,717.375,216730.0,717.375
2020-04-02,707.455,713.517,704.978,704.978,98586.4,704.978
2020-04-03,702.765,711.04,691.746,698.633,175365.0,698.633
2020-04-06,697.758,724.829,694.666,721.724,96834.7,721.724
2020-04-07,735.822,743.43,720.882,740.042,85164.9,740.042
2020-04-08,737.513,742.022,725.95,741.463,31320.5,741.463
2020-04-09,745.686,745.686,736.385,740.894,40578.3,740.894
2020-04-10,745.686,747.104,735.536,746.818,26496.5,746.818
2020-04-13,742.022,746.535,734.69,734.69,53667.0,734.69
2020-04-14,734.411,743.993,731.875,743.993,41642.4,743.993
2020-04-15,739.486,739.486,730.74,737.229,68990.3,737.229
2020-04-16,726.796,729.332,720.037,726.796,45686.1,726.796
2020-04-17,733.0,740.328,729.056,733.0,65904.3,733.0
2020-04-20,728.496,735.26,728.496,730.467,23978.1,730.467
2020-04-21,729.332,729.332,718.905,722.566,65585.1,722.566
2020-04-22,712.426,718.06,711.014,716.649,58881.1,716.649
2020-04-23,721.448,731.595,720.599,729.895,36783.0,729.895
2020-04-24,730.74,733.0,725.395,733.0,39727.0,733.0
2020-04-27,737.229,748.229,734.974,748.229,68280.9,748.229
2020-04-28,749.919,749.919,743.993,747.66,47424.1,747.66
2020-04-30,758.383,765.419,752.736,760.916,57001.2,760.916
2020-05-01,758.09,758.09,734.135,739.207,95877.0,739.207
2020-05-07,730.467,735.536,721.724,723.698,70976.6,723.698
2020-05-08,732.72,742.585,732.431,740.894,21459.7,740.894
2020-05-11,751.325,760.916,748.229,760.064,62641.0,760.064
2020-05-12,760.064,760.064,749.071,751.607,72289.0,751.607
2020-05-13,742.871,751.325,742.308,749.351,16032.7,749.351
2020-05-14,743.43,743.717,733.286,733.565,105383.0,733.565
2020-05-15,742.022,742.022,729.056,734.974,91265.8,734.974
2020-05-18,736.671,738.358,733.286,736.947,35115.8,736.947
2020-05-19,753.301,757.814,753.301,754.705,70834.7,754.705
2020-05-20,750.765,756.403,750.765,754.705,32562.0,754.705
2020-05-21,757.528,758.09,752.173,754.143,31285.0,754.143
2020-05-22,754.992,754.992,742.022,742.871,91549.6,742.871
2020-05-25,754.143,754.143,749.633,751.607,34867.6,751.607
2020-05-26,758.09,771.346,758.09,769.935,114321.0,769.935
2020-05-27,771.056,789.388,771.056,785.434,126168.0,785.434
2020-05-28,798.976,807.703,791.924,803.768,109178.0,803.768
2020-05-29,789.95,796.999,787.414,789.105,46005.3,789.105
2020-06-01,787.98,792.203,782.335,787.7,43451.4,787.7
2020-06-02,792.203,799.818,789.664,795.592,49197.7,795.592
2020-06-03,811.094,813.916,805.176,807.15,51928.9,807.15
2020-06-04,815.323,821.804,801.792,807.996,81085.7,807.996
2020-06-05,811.094,820.686,808.561,820.686,31710.7,820.686
2020-06-08,834.78,837.875,831.678,837.595,66933.0,837.595
2020-06-09,840.138,841.26,828.859,836.191,36357.3,836.191
2020-06-10,824.909,831.112,822.649,829.415,56256.3,829.415
2020-06-11,811.373,815.044,800.946,801.792,83568.7,801.792
2020-06-12,782.335,793.614,773.037,792.489,131276.0,792.489
2020-06-15,786.849,793.614,775.003,786.563,167243.0,786.563
2020-06-16,794.739,809.683,791.082,807.15,62499.2,807.15
2020-06-17,803.768,804.611,793.614,800.374,23481.5,800.374
2020-06-18,794.463,795.306,786.01,795.025,58916.6,795.025
2020-06-19,796.999,796.999,787.98,791.082,22417.4,791.082
2020-06-22,789.105,793.052,787.125,789.664,30965.8,789.664
2020-06-23,794.739,797.282,785.157,793.614,43841.6,793.614
2020-06-24,789.388,791.082,786.01,786.849,127268.0,786.849
2020-06-25,777.543,781.207,768.244,776.132,147132.0,776.132
2020-06-26,780.082,783.467,779.523,783.467,40613.8,783.467
2020-06-29,769.655,783.184,769.655,778.948,63173.1,778.948
2020-06-30,780.934,783.467,778.948,780.934,20218.2,780.934
2020-07-01,783.184,783.184,770.777,770.777,62712.0,770.777
2020-07-02,776.421,778.948,771.346,778.668,30256.4,778.668
2020-07-03,783.467,783.467,777.833,782.621,47034.0,782.621
2020-07-06,769.675,780.958,767.695,779.55,115546.0,779.55
2020-07-07,779.55,780.668,770.514,772.211,87156.2,772.211
2020-07-08,770.514,778.132,769.389,769.389,54158.0,769.389
2020-07-09,767.975,770.797,763.179,767.975,54760.6,767.975
2020-07-10,765.159,767.975,755.285,760.36,100128.0,760.36
2020-07-13,765.432,775.872,765.159,773.336,61636.7,773.336
2020-07-14,769.389,777.859,768.534,777.004,63798.7,777.004
2020-07-15,784.905,788.852,782.362,785.191,48487.0,785.191
2020-07-16,789.987,796.194,787.447,789.138,30268.9,789.138
2020-07-17,790.835,790.835,783.214,784.622,13185.0,784.622
2020-07-20,787.161,788.009,779.829,786.881,64401.3,786.881
2020-07-21,784.905,784.905,776.448,779.829,40760.3,779.829
2020-07-22,781.237,787.161,777.004,778.132,53094.7,778.132
2020-07-27,769.116,776.72,764.03,776.152,85313.1,776.152
2020-07-28,775.023,778.132,769.675,772.211,52385.8,772.211
2020-07-29,766.001,767.695,758.946,759.232,109804.0,759.232
2020-07-30,764.59,764.59,752.455,753.587,46608.5,753.587
2020-07-31,746.818,755.847,729.608,755.847,137238.0,755.847
2020-08-03,741.746,741.746,734.128,735.812,216774.0,735.812
2020-08-04,747.664,758.946,745.686,758.946,74680.0,758.946
2020-08-05,753.028,759.232,749.075,759.232,57064.4,759.232
2020-08-06,764.59,764.59,756.693,756.693,24030.8,756.693
2020-08-07,756.693,759.232,753.308,757.534,19423.1,757.534
2020-08-11,769.675,782.362,769.675,782.089,61175.9,782.089
2020-08-12,787.161,798.44,783.773,796.47,52385.8,796.47
2020-08-13,803.808,804.091,796.194,800.423,70178.6,800.423
2020-08-14,801.542,801.542,796.47,797.601,43843.9,797.601
2020-08-17,796.749,801.266,795.908,796.47,34628.5,796.47
2020-08-18,793.648,793.648,783.773,789.987,32218.3,789.987
2020-08-19,785.191,792.802,783.773,791.394,7762.18,791.394
2020-08-20,787.73,790.835,787.447,787.447,4714.02,787.447
2020-08-21,791.112,796.749,788.852,789.697,13645.8,789.697
2020-08-24,791.112,791.112,786.309,789.138,10952.1,789.138
2020-08-25,800.423,805.502,800.423,801.834,64436.7,801.834
2020-08-26,799.016,801.266,797.325,800.989,17048.4,800.989
2020-08-27,798.73,798.73,791.394,792.526,12547.0,792.526
2020-08-28,799.016,810.577,790.835,794.496,73687.5,794.496
2020-08-31,806.91,816.788,805.219,805.219,86801.7,805.219
2020-09-01,804.374,804.66,799.861,804.66,16162.3,804.66
2020-09-02,807.752,807.752,799.295,801.266,15595.2,801.266
2020-09-03,809.732,809.732,804.66,805.219,42178.0,805.219
2020-09-04,798.44,807.483,798.44,805.219,55363.1,805.219
2020-09-07,805.502,810.301,805.502,807.196,39484.3,807.196
2020-09-08,811.985,811.985,807.196,810.015,17934.5,810.015
2020-09-09,799.861,803.242,797.325,802.117,62487.3,802.117
2020-09-10,805.502,811.709,802.394,811.143,15453.4,811.143
2020-09-11,815.097,815.097,806.348,813.682,22790.3,813.682
2020-09-14,815.373,820.452,812.555,820.176,43064.1,820.176
2020-09-15,818.481,818.481,812.555,816.216,33884.2,816.216
2020-09-16,811.43,811.43,806.624,808.607,31863.9,808.607
2020-09-17,808.038,808.327,802.394,804.091,30056.3,804.091
2020-09-18,804.091,804.933,801.834,803.808,102751.0,803.808
2020-09-23,794.783,797.881,790.552,797.881,60998.7,797.881
2020-09-24,792.802,792.802,787.161,789.138,94244.9,789.138
2020-09-25,789.987,790.552,785.467,788.293,105905.0,788.293
2020-09-28,794.22,800.989,789.138,799.295,21372.5,799.295
2020-09-29,811.43,811.43,803.522,807.483,41575.5,807.483
2020-09-30,804.66,804.66,787.161,787.161,117070.0,787.161
2020-10-02,791.677,803.808,780.668,780.668,276567.0,780.668
2020-10-05,794.22,801.834,791.677,797.325,208409.0,797.325
2020-10-06,802.91,807.508,802.051,807.212,51070.7,807.212
2020-10-07,800.62,807.788,798.321,806.637,35662.3,806.637
2020-10-08,809.511,810.942,804.35,805.781,19696.2,805.781
2020-10-09,806.93,806.93,797.463,798.607,56125.5,798.607
2020-10-12,802.337,802.337,792.302,793.737,55358.5,793.737
2020-10-13,799.759,799.759,794.019,797.174,21090.6,797.174
2020-10-14,792.871,792.871,787.71,790.01,52639.4,790.01
2020-10-15,789.716,793.444,788.283,788.283,34860.5,788.283
2020-10-16,787.421,794.305,785.704,794.305,81504.0,794.305
2020-10-19,794.305,794.305,791.151,792.302,35732.0,792.302
2020-10-20,792.302,792.302,784.553,791.724,66897.4,791.724
2020-10-21,785.993,795.454,785.993,794.305,30537.8,794.305
2020-10-22,791.724,792.302,788.855,790.286,10423.3,790.286
2020-10-23,794.877,797.463,791.724,797.174,54487.0,797.174
2020-10-26,797.463,799.466,796.032,797.174,14955.1,797.174
2020-10-27,796.032,796.601,790.579,794.877,49746.0,794.877
2020-10-28,789.144,789.144,777.386,780.829,87918.3,780.829
2020-10-29,775.948,781.684,770.498,779.678,46190.2,779.678
2020-10-30,779.389,782.836,767.34,778.53,125010.0,778.53
2020-11-02,778.53,789.43,777.386,788.283,61912.3,788.283
2020-11-04,797.463,801.765,792.013,792.302,37509.9,792.302
2020-11-05,794.019,794.019,777.672,788.283,110612.0,788.283
2020-11-06,785.125,795.163,782.263,793.16,27853.5,793.16
2020-11-09,799.184,801.193,794.019,798.894,64701.2,798.894
2020-11-10,813.814,833.319,813.814,825.852,375030.0,825.852
2020-11-11,843.934,849.098,838.48,841.069,123755.0,841.069
2020-11-12,839.06,841.927,828.156,835.039,56892.4,835.039
2020-11-13,827.3,829.02,817.541,822.418,144880.0,822.418
2020-11-16,830.737,841.927,830.451,837.052,50303.8,837.052
2020-11-17,847.371,848.812,841.927,847.951,90393.4,847.951
2020-11-18,843.076,846.809,839.06,840.493,35976.1,840.493
2020-11-19,839.346,843.358,837.052,842.5,44482.0,842.5
2020-11-20,838.767,840.493,836.194,839.628,40229.0,839.628
2020-11-24,853.973,856.561,849.098,851.963,85338.6,851.963
2020-11-25,862.005,863.433,851.963,852.253,47445.2,852.253
2020-11-26,848.237,851.684,845.94,851.684,45597.6,851.684
2020-11-27,849.098,854.552,847.66,849.67,38695.2,849.67
2020-11-30,849.964,849.964,824.715,825.852,68919.3,825.852
2020-12-01,827.579,835.039,826.146,831.023,44516.9,831.023
2020-12-02,837.905,845.94,836.77,841.352,41902.4,841.352
2020-12-03,845.94,850.532,843.076,847.371,53615.5,847.371
2020-12-04,843.644,851.094,843.644,849.381,31200.2,849.381
2020-12-07,856.561,858.282,847.951,849.381,57554.8,849.381
2020-12-08,844.793,849.964,844.223,846.516,22136.4,846.516
2020-12-09,849.098,852.828,849.098,852.828,127938.0,852.828
2020-12-10,854.552,856.272,851.963,853.394,50024.9,853.394
2020-12-11,851.963,855.12,848.237,852.535,25657.3,852.535
2020-12-14,852.535,863.433,852.535,857.992,31688.2,857.992
2020-12-15,854.828,856.837,850.532,853.69,32943.2,853.69
2020-12-16,857.703,860.574,856.837,857.128,19905.3,857.128
2020-12-17,857.128,859.134,854.552,855.404,11085.6,855.404
2020-12-18,855.979,859.134,853.394,858.561,79168.3,858.561
2020-12-21,860.574,866.305,851.963,856.837,57624.5,856.837
2020-12-22,853.69,853.69,845.654,847.371,167714.0,847.371
2020-12-23,846.809,847.371,838.48,840.777,50129.5,840.777
2020-12-24,845.654,851.39,845.365,845.365,31374.5,845.365
2020-12-25,847.66,851.39,847.66,850.532,103884.0,850.532
2020-12-28,853.973,854.552,850.24,854.552,25169.3,854.552
2020-12-29,857.414,864.874,857.128,863.433,86001.0,863.433
2020-12-30,866.305,866.305,857.703,860.574,31548.8,860.574
2021-01-04,862.005,862.005,843.934,850.532,91334.6,850.532
2021-01-05,846.809,852.535,845.365,849.67,63550.8,849.67
2021-01-06,848.957,862.19,848.375,859.022,53460.2,859.022
2021-01-07,878.028,890.98,876.583,880.905,113937.0,880.905
2021-01-08,885.224,893.859,882.346,892.421,83021.4,892.421
2021-01-12,893.859,899.619,890.98,899.619,113763.0,899.619
2021-01-13,899.619,908.256,898.178,906.815,43699.1,906.815
2021-01-14,905.368,918.328,903.934,909.69,78609.8,909.69
2021-01-15,918.328,919.772,911.134,911.134,42657.0,911.134
2021-01-18,903.934,906.815,898.178,898.178,28241.1,898.178
2021-01-19,901.052,905.368,899.619,901.052,14624.2,901.052
2021-01-20,906.815,906.815,899.619,902.5,17785.3,902.5
2021-01-21,909.69,912.575,905.368,905.368,44011.7,905.368
2021-01-22,902.5,906.815,899.619,902.5,122621.0,902.5
2021-01-25,908.256,911.134,905.368,908.256,219954.0,908.256
2021-01-26,909.69,911.134,906.815,906.815,67111.8,906.815
2021-01-27,912.575,915.452,909.69,912.575,19556.9,912.575
2021-01-28,912.575,912.575,896.74,906.815,70064.5,906.815
2021-01-29,908.256,909.69,892.421,892.421,76595.0,892.421
2021-02-01,892.421,902.5,892.421,902.5,19001.1,902.5
2021-02-02,903.934,908.256,899.619,902.5,16222.1,902.5
2021-02-03,912.575,919.772,912.575,916.883,37654.9,916.883
2021-02-04,921.209,928.406,919.772,919.772,46478.0,919.772
2021-02-05,931.28,932.731,924.087,929.844,50716.0,929.844
2021-02-08,939.922,952.875,939.922,951.438,48145.4,951.438
2021-02-09,958.631,961.51,945.682,951.438,66139.2,951.438
2021-02-10,945.682,958.631,944.237,952.875,40017.0,952.875
2021-02-12,958.631,958.631,949.994,952.875,23516.9,952.875
2021-02-15,962.953,973.028,957.193,961.51,49847.5,961.51
2021-02-16,965.828,977.341,965.828,968.703,90455.1,968.703
2021-02-17,973.028,981.663,971.585,977.341,55474.9,977.341
2021-02-18,983.097,984.547,964.397,964.397,62457.1,964.397
2021-02-19,958.631,962.953,955.753,957.193,26052.7,957.193
2021-02-22,970.144,977.341,965.828,965.828,25948.5,965.828
2021-02-24,971.585,975.907,965.828,965.828,26156.9,965.828
2021-02-25,978.784,981.663,974.466,978.784,47937.0,978.784
2021-02-26,970.144,973.028,952.875,952.875,101779.0,952.875
2021-03-01,962.953,970.144,958.631,967.266,34875.9,967.266
2021-03-02,975.907,977.341,961.51,967.266,21328.5,967.266
2021-03-03,971.585,978.784,968.703,977.341,83125.6,977.341
2021-03-04,980.219,984.547,964.397,974.466,105808.0,974.466
2021-03-05,978.784,981.663,968.703,981.663,41858.0,981.663
2021-03-08,994.619,1006.13,994.619,996.05,57038.1,996.05
2021-03-09,1009.01,1020.52,1009.01,1014.77,96221.4,1014.77
2021-03-10,1007.58,1017.65,1007.58,1014.77,61032.8,1014.77
2021-03-11,1017.65,1027.73,1017.65,1019.08,49361.2,1019.08
2021-03-12,1024.84,1027.73,1014.77,1024.84,41719.1,1024.84
2021-03-15,1030.6,1043.55,1030.6,1040.67,116646.0,1040.67
2021-03-16,1042.11,1046.44,1036.36,1037.8,62179.2,1037.8
2021-03-17,1036.36,1042.11,1036.36,1039.24,67146.6,1039.24
2021-03-18,1047.88,1059.39,1044.99,1055.07,65722.3,1055.07
2021-03-19,1055.07,1072.34,1052.19,1072.34,174935.0,1072.34
2021-03-22,1065.14,1069.47,1056.51,1065.14,160068.0,1065.14
2021-03-23,1069.47,1069.47,1053.63,1055.07,90906.7,1055.07
2021-03-24,1040.67,1040.67,1020.52,1027.73,148813.0,1027.73
2021-03-25,1036.36,1056.51,1036.36,1047.88,68327.6,1047.88
2021-03-26,1062.26,1068.03,1059.39,1059.39,90281.4,1059.39
2021-03-29,1070.91,1070.91,1049.32,1052.19,109074.0,1052.19
2021-03-30,1053.63,1063.7,1052.19,1059.39,82639.3,1059.39
2021-03-31,1056.51,1060.82,1044.99,1046.44,64541.3,1046.44
2021-04-01,1047.88,1056.51,1033.49,1037.8,172608.0,1037.8
2021-04-02,1050.75,1050.75,1036.36,1036.36,445988.0,1036.36
2021-04-05,1039.24,1053.63,1037.8,1047.88,318746.0,1047.88
2021-04-06,1053.34,1054.8,1031.4,1031.4,142551.0,1031.4
2021-04-07,1038.72,1043.1,1032.86,1038.72,73445.9,1038.72
2021-04-08,1040.18,1040.18,1021.16,1024.08,88996.4,1024.08
2021-04-09,1032.86,1037.26,1025.55,1025.55,170884.0,1025.55
2021-04-12,1031.4,1037.26,1025.55,1025.55,73616.8,1025.55
2021-04-13,1027.01,1035.79,1027.01,1027.01,37218.5,1027.01
2021-04-14,1025.55,1025.55,1019.7,1022.62,24641.4,1022.62
2021-04-15,1029.94,1038.72,1029.94,1034.33,8988.5,1034.33
2021-04-16,1031.4,1034.33,1027.01,1034.33,21189.6,1034.33
2021-04-19,1034.33,1037.26,1029.94,1034.33,11346.7,1034.33
2021-04-20,1029.94,1029.94,1018.23,1027.01,88142.0,1027.01
2021-04-21,1012.38,1012.38,997.747,1003.6,154308.0,1003.6
2021-04-22,1016.77,1016.77,1009.46,1009.46,140842.0,1009.46
2021-04-23,1002.14,1009.46,1002.14,1006.53,19754.2,1006.53
2021-04-26,1016.77,1016.77,1007.99,1009.46,19412.4,1009.46
2021-04-27,1009.46,1015.31,1006.53,1006.53,9432.8,1006.53
2021-04-28,1010.92,1015.31,1010.92,1010.92,109536.0,1010.92
2021-04-30,1018.23,1018.23,1009.46,1009.46,19617.4,1009.46
2021-05-06,1028.48,1041.64,1028.48,1034.33,35954.0,1034.33
2021-05-07,1040.18,1046.03,1038.72,1044.57,120473.0,1044.57
2021-05-10,1050.42,1056.27,1050.42,1054.8,29870.5,1054.8
2021-05-11,1053.34,1054.8,1037.26,1043.1,23103.5,1043.1
2021-05-12,1038.72,1040.18,1018.23,1029.94,83391.4,1029.94
2021-05-13,1015.31,1032.86,1015.31,1024.08,28845.2,1024.08
2021-05-14,1028.48,1038.72,1028.48,1034.33,17293.4,1034.33
2021-05-17,1044.57,1044.57,1029.94,1031.4,24914.9,1031.4
2021-05-18,1035.79,1050.42,1035.79,1047.49,24470.6,1047.49
2021-05-19,1043.1,1048.95,1037.26,1040.18,23240.2,1040.18
2021-05-20,1035.79,1041.64,1034.33,1035.79,24128.8,1035.79
2021-05-21,1037.26,1038.72,1034.33,1034.33,10526.4,1034.33
2021-05-24,1040.18,1048.95,1040.18,1044.57,12884.6,1044.57
2021-05-25,1050.42,1051.88,1044.57,1048.95,13534.0,1048.95
2021-05-26,1040.18,1043.1,1038.72,1043.1,13534.0,1043.1
2021-05-27,1041.64,1043.1,1031.4,1034.33,23889.5,1034.33
2021-05-28,1044.57,1053.34,1044.57,1050.42,19412.4,1050.42
2021-05-31,1048.95,1048.95,1035.79,1040.18,19104.8,1040.18
2021-06-01,1044.57,1044.57,1034.33,1040.18,15618.8,1040.18
2021-06-02,1046.03,1051.88,1038.72,1050.42,9022.68,1050.42
2021-06-03,1050.42,1056.27,1050.42,1051.88,21907.3,1051.88
2021-06-04,1056.27,1057.73,1048.95,1057.73,16233.9,1057.73
2021-06-07,1060.66,1060.66,1053.34,1056.27,22761.7,1056.27
2021-06-08,1056.27,1056.27,1051.88,1056.27,14217.5,1056.27
2021-06-09,1056.27,1056.27,1048.95,1048.95,12577.0,1048.95
2021-06-10,1047.49,1047.49,1043.1,1044.57,17703.5,1044.57
2021-06-11,1051.88,1051.88,1035.79,1040.18,20882.0,1040.18
2021-06-14,1047.49,1047.49,1040.18,1040.18,4477.16,1040.18
2021-06-15,1041.64,1046.03,1040.18,1046.03,15550.4,1046.03
2021-06-16,1047.49,1053.34,1047.49,1048.95,10355.5,1048.95
2021-06-17,1050.42,1051.88,1044.57,1048.95,32160.3,1048.95
2021-06-18,1037.26,1037.26,1028.48,1031.4,46685.5,1031.4
2021-06-21,1019.7,1021.16,1000.68,1005.07,267262.0,1005.07
2021-06-22,1028.48,1034.33,1024.08,1031.4,20164.3,1031.4
2021-06-23,1034.33,1035.79,1028.48,1031.4,5946.76,1031.4
2021-06-24,1029.94,1034.33,1027.01,1028.48,14217.5,1028.48
2021-06-25,1040.18,1040.18,1031.4,1035.79,67396.6,1035.79
2021-06-28,1046.03,1046.03,1037.26,1037.26,40875.4,1037.26
2021-06-29,1032.86,1032.86,1024.08,1024.08,48086.7,1024.08
2021-06-30,1028.48,1029.94,1024.08,1024.08,12953.0,1024.08
2021-07-01,1028.48,1028.48,1019.7,1021.16,37594.5,1021.16
2021-07-02,1025.55,1031.4,1024.08,1029.94,12303.6,1029.94
2021-07-05,1025.55,1027.01,1024.08,1025.55,38141.3,1025.55
2021-07-06,1029.95,1031.42,1025.55,1029.95,10632.7,1029.95
2021-07-07,1016.74,1018.21,1010.87,1012.34,50539.6,1012.34
2021-07-08,1013.81,1015.28,1007.94,1007.94,50539.6,1007.94
2021-07-09,999.139,1012.34,991.807,1012.34,177587.0,1012.34
2021-07-12,1024.07,1024.07,1016.74,1016.74,63966.8,1016.74
2021-07-13,1027.02,1032.89,1027.02,1031.42,31727.8,1031.42
2021-07-14,1029.95,1032.89,1029.95,1029.95,2078.83,1029.95
2021-07-15,1027.02,1028.49,1019.68,1021.15,8144.95,1021.15
2021-07-16,1018.21,1024.07,1013.81,1022.61,9065.09,1022.61
2021-07-19,1010.87,1013.81,1005.01,1009.41,54901.7,1009.41
2021-07-20,1000.61,1006.48,997.668,1000.61,52652.5,1000.61
2021-07-21,1012.34,1018.21,1003.55,1003.55,46586.4,1003.55
2021-07-26,1021.15,1021.15,1012.34,1015.28,36158.1,1015.28
2021-07-27,1018.21,1024.07,1016.74,1021.15,220118.0,1021.15
2021-07-28,1018.21,1024.07,1018.21,1018.21,10257.8,1018.21
2021-07-29,1018.21,1021.15,1013.81,1013.81,8179.03,1013.81
2021-07-30,1013.81,1015.28,1009.41,1010.87,12370.7,1010.87
2021-08-02,1016.74,1032.89,1016.74,1029.95,72827.4,1029.95
2021-08-03,1028.49,1031.42,1021.15,1031.42,55992.3,1031.42
2021-08-04,1029.95,1034.35,1028.49,1029.95,65500.4,1029.95
2021-08-05,1028.49,1035.82,1028.49,1035.82,16323.9,1035.82
2021-08-06,1037.29,1040.22,1034.35,1038.75,20958.7,1038.75
2021-08-10,1043.15,1050.49,1038.75,1041.69,41031.4,1041.69
2021-08-11,1046.09,1059.29,1046.09,1057.83,32920.6,1057.83
2021-08-12,1063.69,1069.57,1060.76,1060.76,65704.9,1060.76
2021-08-13,1066.62,1066.62,1059.29,1059.29,14722.2,1059.29
2021-08-16,1056.36,1056.36,1044.62,1049.03,85641.3,1049.03
2021-08-17,1050.49,1050.49,1044.62,1046.09,14074.7,1046.09
2021-08-18,1047.56,1051.96,1044.62,1050.49,12575.2,1050.49
2021-08-19,1041.69,1041.69,1029.95,1032.89,54595.0,1032.89
2021-08-20,1025.55,1029.95,1013.81,1016.74,52516.2,1016.74
2021-08-23,1024.07,1031.42,1022.61,1029.95,15642.4,1029.95
2021-08-24,1034.35,1038.75,1029.95,1037.29,44848.3,1037.29
2021-08-25,1038.75,1041.69,1032.89,1035.82,23923.6,1035.82
2021-08-26,1038.75,1038.75,1032.89,1035.82,9337.73,1035.82
2021-08-27,1034.35,1035.82,1031.42,1034.35,9065.09,1034.35
2021-08-30,1041.69,1044.62,1040.22,1044.62,24673.4,1044.62
2021-08-31,1041.69,1050.49,1038.75,1050.49,33908.9,1050.49
2021-09-01,1051.96,1063.69,1051.96,1063.69,102817.0,1063.69
2021-09-02,1063.69,1066.62,1059.29,1066.62,106770.0,1066.62
2021-09-03,1069.57,1081.3,1069.57,1081.3,101079.0,1081.3
2021-09-06,1090.1,1095.97,1090.1,1094.5,103567.0,1094.5
2021-09-07,1098.91,1100.37,1094.5,1100.37,134068.0,1100.37
2021-09-08,1095.97,1109.17,1095.97,1109.17,357969.0,1109.17
2021-09-09,1103.31,1109.17,1101.84,1109.17,117232.0,1109.17
2021-09-10,1110.65,1116.51,1107.71,1115.05,153595.0,1115.05
2021-09-13,1113.58,1123.85,1110.65,1123.85,119073.0,1123.85
2021-09-14,1128.26,1137.05,1128.26,1135.59,101488.0,1135.59
2021-09-15,1126.79,1131.19,1120.92,1128.26,191900.0,1128.26
2021-09-16,1131.19,1134.13,1125.32,1126.79,100056.0,1126.79
2021-09-17,1128.26,1135.59,1123.85,1134.13,124662.0,1134.13
2021-09-21,1104.77,1126.79,1103.31,1115.05,287356.0,1115.05
2021-09-22,1103.31,1112.11,1103.31,1104.77,120061.0,1104.77
2021-09-24,1126.79,1128.26,1122.39,1126.79,41644.9,1126.79
2021-09-27,1134.13,1139.98,1129.72,1129.72,28831.0,1129.72
2021-09-28,1137.05,1139.98,1125.32,1134.13,62569.6,1134.13
2021-09-29,1123.85,1134.13,1123.85,1123.85,214529.0,1123.85
2021-09-30,1126.79,1131.19,1120.92,1120.92,43655.5,1120.92
2021-10-01,1109.17,1115.05,1101.84,1112.11,75213.0,1112.11
2021-10-04,1112.11,1135.59,1110.65,1120.92,83289.8,1120.92
2021-10-05,1116.51,1126.79,1113.58,1122.39,121322.0,1122.39
2021-10-06,1125.84,1134.79,1096.02,1113.91,89694.0,1113.91
2021-10-07,1119.88,1119.88,1091.54,1097.51,190654.0,1097.51
2021-10-08,1106.46,1115.4,1106.46,1107.95,17134.0,1107.95
2021-10-11,1107.95,1125.84,1107.95,1125.84,12775.1,1125.84
2021-10-12,1127.33,1127.33,1121.37,1122.85,6404.32,1122.85
2021-10-13,1127.33,1127.33,1115.4,1119.88,14015.7,1119.88
2021-10-14,1122.85,1125.84,1109.44,1109.44,38258.2,1109.44
2021-10-15,1121.37,1121.37,1109.44,1119.88,14216.9,1119.88
2021-10-18,1122.85,1127.33,1121.37,1124.35,60656.6,1124.35
2021-10-19,1130.31,1130.31,1118.38,1122.85,14451.6,1122.85
2021-10-20,1125.84,1130.31,1119.88,1121.37,17402.3,1121.37
2021-10-21,1119.88,1124.35,1112.42,1113.91,9355.0,1113.91
2021-10-22,1106.46,1113.91,1101.98,1104.97,50262.1,1104.97
2021-10-25,1103.47,1109.44,1101.98,1101.98,20151.8,1101.98
2021-10-26,1110.93,1112.42,1106.46,1106.46,7410.23,1106.46
2021-10-27,1106.46,1107.95,1099.0,1101.98,16564.0,1101.98
2021-10-28,1096.02,1096.02,1087.07,1091.54,39398.3,1091.54
2021-10-29,1090.05,1101.98,1082.59,1094.53,28601.5,1094.53
2021-11-01,1106.46,1110.93,1100.49,1110.93,24779.0,1110.93
2021-11-02,1109.44,1109.44,1097.51,1099.0,19078.8,1099.0
2021-11-04,1109.44,1110.93,1099.0,1100.49,23303.6,1100.49
2021-11-05,1094.53,1094.53,1087.07,1088.57,27930.8,1088.57
2021-11-08,1090.05,1096.02,1090.05,1091.54,47814.4,1091.54
2021-11-09,1093.03,1096.02,1085.58,1085.58,36045.2,1085.58
2021-11-10,1087.07,1090.05,1081.1,1081.1,19514.7,1081.1
2021-11-11,1084.09,1085.58,1078.12,1081.1,20453.5,1081.1
2021-11-12,1085.58,1090.05,1084.09,1088.57,25650.8,1088.57
2021-11-15,1091.54,1094.53,1087.07,1087.07,17368.7,1087.07
2021-11-16,1087.07,1094.53,1087.07,1088.57,9656.77,1088.57
2021-11-17,1087.07,1088.57,1081.1,1082.59,31317.4,1082.59
2021-11-18,1076.63,1076.63,1067.68,1073.65,41611.3,1073.65
2021-11-19,1072.15,1075.14,1070.67,1075.14,26388.4,1075.14
2021-11-22,1069.18,1078.12,1067.68,1078.12,23773.1,1078.12
2021-11-24,1081.1,1088.57,1076.63,1078.12,17536.4,1078.12
2021-11-25,1078.12,1087.07,1078.12,1085.58,34737.5,1085.58
2021-11-26,1079.61,1079.61,1061.72,1069.18,224553.0,1069.18
2021-11-29,1047.11,1058.74,1043.83,1050.09,164735.0,1050.09
2021-11-30,1062.31,1062.31,1042.93,1042.93,75577.7,1042.93
2021-12-01,1034.57,1045.91,1032.49,1045.32,56364.7,1045.32
2021-12-02,1038.45,1045.01,1034.88,1042.64,59684.2,1042.64
2021-12-03,1046.81,1059.33,1045.32,1059.33,31351.0,1059.33
2021-12-06,1064.7,1066.2,1056.94,1062.31,44930.8,1062.31
2021-12-07,1065.6,1083.79,1065.3,1082.59,37352.9,1082.59
2021-12-08,1090.65,1090.65,1082.29,1082.9,27863.8,1082.9
2021-12-09,1086.77,1086.77,1076.93,1076.93,25181.3,1076.93
2021-12-10,1080.81,1083.5,1073.65,1074.24,20654.7,1074.24
2021-12-13,1081.7,1082.59,1076.03,1078.71,29372.7,1078.71
2021-12-14,1077.22,1081.1,1076.63,1079.61,28903.2,1079.61
2021-12-15,1079.91,1085.58,1079.91,1083.79,8986.16,1083.79
2021-12-16,1089.15,1099.0,1089.15,1099.0,35542.3,1099.0
2021-12-17,1100.49,1106.46,1094.53,1097.51,21191.2,1097.51
2021-12-20,1101.98,1101.98,1069.77,1071.86,67664.5,1071.86
2021-12-21,1081.1,1085.58,1078.71,1084.39,38593.5,1084.39
2021-12-22,1087.37,1088.27,1081.1,1082.01,14015.7,1082.01
2021-12-23,1086.77,1094.53,1086.77,1094.53,38325.3,1094.53
2021-12-24,1097.81,1097.81,1088.57,1091.85,35307.5,1091.85
2021-12-27,1093.03,1093.03,1086.17,1088.86,26824.3,1088.86
2021-12-28,1096.61,1096.61,1091.54,1094.83,64479.1,1094.83
2021-12-29,1098.71,1100.79,1096.02,1099.9,55928.8,1099.9
2021-12-30,1100.49,1100.49,1093.03,1099.9,38090.6,1099.9
2022-01-04,1102.88,1115.4,1102.88,1115.12,91705.8,1115.12
2022-01-05,1125.24,1135.38,1125.24,1134.79,134926.0,1134.79
2022-01-06,1134.7,1139.49,1127.52,1131.71,95293.1,1131.71
2022-01-07,1133.81,1145.46,1133.81,1140.98,47245.3,1140.98
2022-01-11,1141.28,1154.14,1136.5,1152.34,75365.1,1152.34
2022-01-12,1152.94,1165.81,1152.94,1164.9,308081.0,1164.9
2022-01-13,1165.81,1175.67,1165.81,1175.67,67908.9,1175.67
2022-01-14,1175.37,1175.37,1157.43,1167.0,115588.0,1167.0
2022-01-17,1167.3,1182.25,1167.3,1170.29,50421.7,1170.29
2022-01-18,1174.48,1179.27,1158.93,1164.31,121908.0,1164.31
2022-01-19,1152.64,1161.92,1140.98,1144.87,76167.6,1144.87
2022-01-20,1141.28,1151.45,1133.81,1144.57,94490.6,1144.57
2022-01-21,1132.31,1136.5,1118.55,1133.81,61756.6,1133.81
2022-01-24,1133.21,1149.95,1133.21,1148.15,29791.6,1148.15
2022-01-25,1141.28,1141.28,1127.82,1135.6,63261.2,1135.6
2022-01-26,1139.49,1145.46,1132.01,1132.6,60920.7,1132.6
2022-01-27,1132.91,1145.46,1120.05,1124.23,169855.0,1124.23
2022-01-28,1132.91,1142.77,1131.41,1142.77,47813.7,1142.77
2022-01-31,1143.07,1149.95,1135.3,1142.77,53297.2,1142.77
2022-02-01,1146.96,1149.05,1139.79,1139.79,23137.8,1139.79
2022-02-02,1145.16,1155.93,1143.97,1152.94,112379.0,1152.94
2022-02-03,1153.23,1166.4,1153.23,1158.93,69513.8,1158.93
2022-02-04,1160.71,1172.98,1160.71,1168.8,125653.0,1168.8
2022-02-07,1170.89,1180.46,1167.0,1178.06,70851.2,1178.06
2022-02-08,1181.05,1193.92,1180.46,1190.02,222751.0,1190.02
2022-02-09,1194.22,1198.7,1186.44,1186.44,176342.0,1186.44
2022-02-10,1193.61,1193.61,1184.34,1188.53,57075.5,1188.53
2022-02-14,1183.75,1193.61,1180.15,1191.23,61221.6,1191.23
2022-02-15,1193.32,1193.32,1172.38,1175.97,115889.0,1175.97
2022-02-16,1193.32,1193.32,1184.94,1190.33,134112.0,1190.33
2022-02-17,1190.33,1193.92,1185.54,1192.42,50555.5,1192.42
2022-02-18,1194.82,1194.82,1181.96,1187.04,65802.4,1187.04
2022-02-21,1178.06,1183.75,1174.17,1182.85,42865.2,1182.85
2022-02-22,1167.9,1170.59,1158.03,1163.41,113983.0,1163.41
2022-02-24,1158.62,1163.11,1142.48,1153.84,139963.0,1153.84
2022-02-25,1147.56,1149.65,1140.68,1146.66,85462.9,1146.66
2022-02-28,1167.59,1167.59,1142.48,1155.34,79377.5,1155.34
2022-03-01,1164.01,1166.4,1154.44,1154.44,88839.9,1154.44
2022-03-02,1152.64,1152.64,1137.99,1140.39,148757.0,1140.39
2022-03-03,1156.53,1171.49,1156.53,1169.4,123312.0,1169.4
2022-03-04,1170.59,1172.08,1154.44,1161.32,48749.9,1161.32
2022-03-07,1156.83,1160.12,1144.27,1152.04,54601.3,1152.04
2022-03-08,1142.77,1143.67,1106.89,1108.68,196069.0,1108.68
2022-03-09,1123.63,1128.42,1110.17,1112.57,69513.8,1112.57
2022-03-10,1126.62,1149.05,1126.62,1147.25,105725.0,1147.25
2022-03-11,1143.07,1155.03,1143.07,1155.03,36244.8,1155.03
2022-03-14,1163.41,1174.17,1162.51,1167.3,83356.4,1167.3
2022-03-15,1173.28,1173.87,1161.02,1169.4,84326.0,1169.4
2022-03-16,1174.48,1181.05,1171.79,1176.87,56874.9,1176.87
2022-03-17,1190.33,1194.82,1184.64,1192.42,131571.0,1192.42
2022-03-18,1193.92,1202.88,1193.92,1202.58,61856.9,1202.58
2022-03-22,1210.67,1237.28,1210.67,1233.1,179050.0,1233.1
2022-03-23,1239.38,1248.35,1236.38,1246.26,174770.0,1246.26
2022-03-24,1234.88,1242.07,1232.5,1240.57,87000.9,1240.57
2022-03-25,1251.93,1251.93,1236.09,1239.38,199680.0,1239.38
2022-03-28,1246.26,1248.05,1233.7,1242.07,112479.0,1242.07
2022-03-29,1243.57,1244.17,1238.47,1243.57,56239.6,1243.57
2022-03-30,1244.46,1248.65,1229.5,1237.59,103117.0,1237.59
2022-03-31,1236.98,1238.18,1227.72,1229.5,28220.1,1229.5
2022-04-01,1220.83,1226.81,1214.25,1225.62,341450.0,1225.62
2022-04-04,1225.02,1233.39,1222.03,1232.2,250537.0,1232.2
2022-04-05,1238.18,1239.38,1224.13,1226.81,302630.0,1226.81
2022-04-06,1226.75,1234.7,1223.69,1223.69,63316.5,1223.69
2022-04-07,1202.28,1202.28,1178.72,1186.98,165074.0,1186.98
2022-04-08,1193.1,1193.1,1182.39,1189.43,70311.7,1189.43
2022-04-11,1194.02,1202.58,1194.02,1198.91,34616.5,1198.91
2022-04-12,1193.42,1204.73,1189.74,1194.94,319687.0,1194.94
2022-04-13,1203.81,1203.81,1190.96,1199.83,364535.0,1199.83
2022-04-14,1206.87,1217.57,1206.25,1217.27,39683.1,1217.27
2022-04-15,1209.01,1220.63,1208.09,1217.57,43213.4,1217.57
2022-04-18,1214.21,1218.8,1205.95,1218.49,55896.3,1218.49
2022-04-19,1228.59,1232.87,1222.77,1232.87,66879.4,1232.87
2022-04-20,1239.29,1242.97,1234.09,1242.97,67435.1,1242.97
2022-04-21,1240.52,1245.42,1237.15,1239.9,28601.9,1239.9
2022-04-22,1235.32,1235.93,1226.14,1228.9,28699.9,1228.9
2022-04-25,1223.69,1235.93,1208.4,1215.13,94141.2,1215.13
2022-04-26,1225.53,1226.14,1202.28,1206.25,58740.1,1206.25
2022-04-27,1197.69,1203.81,1191.57,1200.14,100809.0,1200.14
2022-04-28,1209.93,1223.4,1201.36,1223.4,53346.6,1223.4
2022-05-02,1228.28,1229.82,1214.21,1221.25,60701.4,1221.25
2022-05-06,1223.08,1250.3,1223.08,1245.11,88518.8,1245.11
2022-05-09,1246.33,1248.16,1237.15,1247.87,67500.5,1247.87
2022-05-10,1234.09,1234.7,1212.98,1230.42,161935.0,1230.42
2022-05-11,1219.71,1220.33,1201.36,1212.37,79791.2,1212.37
2022-05-12,1206.56,1217.57,1199.83,1207.48,92016.4,1207.48
2022-05-13,1208.4,1211.15,1192.8,1207.17,72044.1,1207.17
2022-05-16,1225.22,1225.22,1201.67,1209.62,81425.6,1209.62
2022-05-17,1220.94,1220.94,1204.73,1207.78,154875.0,1207.78
2022-05-18,1216.04,1217.27,1209.31,1214.21,53314.0,1214.21
2022-05-19,1199.22,1208.09,1190.96,1204.73,115322.0,1204.73
2022-05-20,1193.1,1217.27,1193.1,1212.68,73613.1,1212.68
2022-05-23,1230.12,1231.34,1220.33,1231.34,299486.0,1231.34
2022-05-24,1234.7,1237.76,1226.75,1227.68,162720.0,1227.68
2022-05-25,1231.95,1234.09,1226.44,1228.9,29223.0,1228.9
2022-05-26,1238.68,1239.29,1232.87,1235.62,61289.8,1235.62
2022-05-27,1246.63,1246.63,1241.13,1244.8,44455.5,1244.8
2022-05-30,1253.06,1253.06,1242.05,1248.47,66519.9,1248.47
2022-05-31,1251.22,1255.81,1243.57,1245.11,112806.0,1245.11
2022-06-01,1252.76,1261.63,1252.76,1260.41,58609.4,1260.41
2022-06-02,1260.1,1261.33,1254.29,1261.02,59753.5,1261.02
2022-06-03,1269.58,1269.58,1255.81,1260.1,68513.8,1260.1
2022-06-06,1266.53,1267.44,1259.48,1264.99,58380.6,1264.99
2022-06-07,1270.5,1282.13,1270.2,1275.7,199102.0,1275.7
2022-06-08,1278.14,1284.87,1278.14,1284.87,153175.0,1284.87
2022-06-09,1283.66,1287.94,1279.67,1286.1,56844.2,1286.1
2022-06-10,1284.87,1287.32,1275.39,1277.23,239994.0,1277.23
2022-06-13,1264.99,1265.92,1258.56,1264.69,198709.0,1264.69
2022-06-14,1250.0,1269.58,1248.79,1269.58,205672.0,1269.58
2022-06-15,1255.81,1260.1,1248.16,1248.79,167950.0,1248.79
2022-06-16,1251.54,1266.21,1250.3,1257.03,107837.0,1257.03
2022-06-17,1242.36,1242.36,1228.28,1239.29,507610.0,1239.29
2022-06-20,1236.85,1237.15,1213.9,1217.27,173376.0,1217.27
2022-06-21,1237.47,1246.02,1225.53,1243.27,305501.0,1243.27
2022-06-22,1248.16,1251.22,1232.56,1234.7,225154.0,1234.7
2022-06-23,1229.82,1237.76,1227.68,1228.28,231103.0,1228.28
2022-06-24,1229.82,1229.82,1219.1,1227.68,240027.0,1227.68
2022-06-27,1243.57,1243.57,1230.73,1237.76,94566.1,1237.76
2022-06-28,1238.68,1252.45,1238.68,1250.3,226167.0,1250.3
2022-06-29,1250.92,1258.87,1245.11,1245.11,96821.6,1245.11
2022-06-30,1242.05,1253.67,1231.34,1237.47,135949.0,1237.47
2022-07-01,1237.47,1237.47,1214.51,1220.63,346230.0,1220.63
2022-07-04,1237.47,1237.47,1223.08,1235.93,114080.0,1235.93
2022-07-05,1238.37,1240.82,1235.01,1239.29,209006.0,1239.29
2022-07-06,1232.14,1235.21,1202.94,1210.32,406585.0,1210.32
2022-07-07,1218.31,1219.54,1204.49,1217.69,170471.0,1217.69
2022-07-08,1226.6,1239.2,1223.23,1234.29,237416.0,1234.29
2022-07-11,1251.19,1251.19,1241.66,1245.05,117813.0,1245.05
2022-07-12,1245.05,1245.35,1229.06,1232.14,108245.0,1232.14
2022-07-13,1232.14,1235.21,1229.37,1233.36,62942.2,1233.36
2022-07-14,1233.36,1233.36,1223.53,1231.83,96854.2,1231.83
2022-07-15,1233.36,1233.36,1215.85,1221.99,175906.0,1221.99
2022-07-19,1234.9,1239.2,1231.83,1239.2,165329.0,1239.2
2022-07-20,1259.48,1259.48,1251.19,1259.48,135713.0,1259.48
2022-07-21,1255.18,1257.94,1249.34,1256.72,71306.3,1256.72
2022-07-22,1257.64,1258.56,1252.42,1258.56,113875.0,1258.56
2022-07-25,1256.11,1258.87,1251.79,1253.96,245878.0,1253.96
2022-07-26,1258.56,1264.09,1257.33,1259.48,72477.9,1259.48
2022-07-27,1257.94,1264.09,1256.72,1264.09,102386.0,1264.09
2022-07-28,1264.4,1265.94,1258.87,1260.41,68409.8,1260.41
2022-07-29,1264.09,1265.94,1257.33,1257.33,59622.6,1257.33
2022-08-01,1262.56,1268.09,1260.72,1268.09,104990.0,1268.09
2022-08-02,1260.72,1260.72,1245.96,1254.57,184921.0,1254.57
2022-08-03,1250.88,1251.79,1246.27,1251.19,102093.0,1251.19
2022-08-04,1247.5,1247.5,1237.66,1240.44,192211.0,1240.44
2022-08-05,1237.05,1247.5,1235.82,1245.66,69971.9,1245.66
2022-08-08,1248.42,1255.79,1247.5,1255.18,126307.0,1255.18
2022-08-09,1253.64,1257.33,1249.04,1253.96,66912.7,1253.96
2022-08-10,1254.26,1256.72,1247.5,1254.57,111857.0,1254.57
2022-08-12,1269.01,1276.69,1267.47,1275.46,149870.0,1275.46
2022-08-15,1276.69,1277.0,1269.93,1277.0,104925.0,1277.0
2022-08-16,1269.01,1269.01,1263.17,1263.48,96170.7,1263.48
2022-08-17,1274.54,1281.3,1272.39,1279.76,86927.9,1279.76
2022-08-18,1279.76,1280.07,1274.23,1275.77,62942.2,1275.77
2022-08-19,1279.15,1279.76,1275.16,1278.54,51128.3,1278.54
2022-08-22,1275.77,1284.06,1273.0,1281.3,49240.7,1281.3
2022-08-23,1278.54,1282.22,1275.77,1277.0,106780.0,1277.0
2022-08-24,1284.68,1285.6,1280.69,1282.52,66815.0,1282.52
2022-08-25,1285.3,1288.06,1282.83,1286.84,203146.0,1286.84
2022-08-26,1290.21,1294.51,1288.06,1288.06,115795.0,1288.06
2022-08-29,1274.23,1283.15,1270.55,1282.22,183066.0,1282.22
2022-08-30,1284.98,1294.51,1284.98,1293.59,62063.5,1293.59
2022-08-31,1287.45,1288.98,1281.61,1286.21,199143.0,1286.21
2022-09-01,1285.6,1285.6,1270.55,1270.55,174083.0,1270.55
2022-09-02,1273.31,1273.31,1262.56,1269.63,162725.0,1269.63
2022-09-05,1270.55,1273.61,1264.71,1270.85,165654.0,1270.85
2022-09-06,1270.85,1274.23,1269.01,1271.46,76383.3,1271.46
2022-09-07,1269.01,1269.01,1254.26,1257.94,671014.0,1257.94
2022-09-08,1266.85,1276.07,1264.4,1274.85,83087.6,1274.85
2022-09-09,1280.69,1286.21,1276.69,1284.68,153743.0,1284.68
2022-09-12,1293.59,1293.59,1281.91,1284.98,61477.6,1284.98
2022-09-13,1284.98,1290.82,1283.45,1288.37,223259.0,1288.37
2022-09-14,1272.69,1283.76,1271.78,1282.52,158982.0,1282.52
2022-09-15,1282.52,1282.52,1274.85,1280.07,73421.7,1280.07
2022-09-16,1275.16,1280.38,1273.0,1280.38,120807.0,1280.38
2022-09-20,1284.06,1284.98,1279.45,1279.76,104567.0,1279.76
2022-09-21,1275.46,1281.61,1273.61,1278.84,75569.7,1278.84
2022-09-22,1269.01,1274.54,1265.94,1271.46,286234.0,1271.46
2022-09-26,1259.48,1259.48,1226.3,1234.9,868140.0,1234.9
2022-09-27,1233.98,1244.42,1230.6,1239.2,250239.0,1239.2
2022-09-28,1227.53,1228.75,1207.25,1214.62,511608.0,1214.62
2022-09-29,1234.29,1235.21,1221.69,1232.44,155435.0,1232.44
2022-09-30,1232.75,1232.75,1213.39,1220.45,256683.0,1220.45
2022-10-03,1218.0,1225.68,1206.02,1224.77,289651.0,1224.77
2022-10-04,1239.82,1262.86,1238.28,1261.33,372478.0,1261.33
2022-10-05,1269.01,1271.46,1260.1,1260.1,514407.0,1260.1
2022-10-06,1268.91,1274.88,1267.33,1268.59,164592.0,1268.59
2022-10-07,1255.39,1260.1,1251.92,1258.52,169711.0,1258.52
2022-10-11,1252.55,1257.59,1246.26,1250.03,200302.0,1250.03
2022-10-12,1249.09,1249.09,1238.09,1246.26,204627.0,1246.26
2022-10-13,1244.06,1244.06,1236.51,1239.03,179951.0,1239.03
2022-10-14,1261.04,1266.71,1251.61,1263.24,253947.0,1263.24
2022-10-17,1258.52,1260.73,1251.92,1254.44,186629.0,1254.44
2022-10-18,1265.44,1265.76,1254.12,1258.84,151554.0,1258.84
2022-10-19,1260.41,1262.93,1256.64,1260.1,59559.7,1260.1
2022-10-20,1257.89,1260.1,1255.39,1259.78,61912.9,1259.78
2022-10-21,1258.84,1258.84,1249.09,1252.24,224342.0,1252.24
2022-10-24,1266.71,1267.33,1258.84,1261.04,63979.8,1261.04
2022-10-25,1261.04,1277.09,1261.04,1275.51,146943.0,1275.51
2022-10-26,1279.91,1279.91,1272.99,1273.62,123285.0,1273.62
2022-10-27,1273.31,1273.31,1255.69,1256.01,207107.0,1256.01
2022-10-28,1256.32,1257.89,1249.72,1250.66,186311.0,1250.66
2022-10-31,1261.36,1263.24,1255.69,1261.99,167486.0,1261.99
2022-11-01,1272.04,1278.66,1270.16,1278.66,135750.0,1278.66
2022-11-02,1278.34,1292.49,1278.34,1285.57,124366.0,1285.57
2022-11-04,1285.26,1286.83,1271.42,1280.86,98100.3,1280.86
2022-11-07,1286.83,1297.21,1286.83,1294.37,111392.0,1294.37
2022-11-08,1300.03,1308.53,1298.14,1306.96,210510.0,1306.96
2022-11-09,1308.53,1311.67,1304.76,1308.84,91136.3,1308.84
2022-11-10,1304.12,1306.64,1300.34,1306.32,76667.7,1306.32
2022-11-11,1320.79,1320.79,1305.69,1309.79,134255.0,1309.79
2022-11-14,1314.19,1314.19,1297.51,1312.61,117815.0,1312.61
2022-11-15,1301.92,1311.36,1300.34,1310.73,82677.7,1310.73
2022-11-16,1311.36,1311.36,1300.03,1307.27,93553.0,1307.27
2022-11-17,1309.16,1311.36,1304.44,1309.16,84553.8,1309.16
2022-11-18,1311.36,1319.22,1310.1,1311.98,137563.0,1311.98
2022-11-21,1315.44,1317.34,1309.16,1317.34,76190.7,1317.34
2022-11-22,1320.16,1336.51,1320.16,1334.94,258972.0,1334.94
2022-11-24,1343.74,1358.84,1343.44,1356.32,166722.0,1356.32
2022-11-25,1356.64,1360.1,1350.04,1360.1,128881.0,1360.1
2022-11-28,1361.04,1363.24,1339.66,1347.52,162429.0,1347.52
2022-11-29,1345.95,1348.14,1335.89,1347.84,154639.0,1347.84
2022-11-30,1348.14,1352.24,1343.44,1352.24,144463.0,1352.24
2022-12-01,1360.41,1364.51,1339.34,1341.23,334208.0,1341.23
2022-12-02,1338.08,1345.64,1309.79,1339.34,332905.0,1339.34
2022-12-05,1326.14,1326.14,1308.84,1326.14,421529.0,1326.14
2022-12-06,1322.36,1325.51,1316.39,1321.42,139852.0,1321.42
2022-12-07,1320.48,1332.43,1320.48,1328.96,132506.0,1328.96
2022-12-08,1326.45,1329.6,1315.44,1328.96,105445.0,1328.96
2022-12-09,1331.49,1337.14,1328.66,1332.11,64933.8,1332.11
2022-12-12,1334.31,1334.94,1328.96,1334.94,120486.0,1334.94
2022-12-13,1342.81,1342.81,1335.89,1341.54,168726.0,1341.54
2022-12-14,1344.37,1346.26,1337.14,1345.01,82868.5,1345.01
2022-12-15,1344.69,1351.61,1342.81,1350.66,104968.0,1350.66
2022-12-16,1342.81,1352.24,1336.2,1337.77,225964.0,1337.77
2022-12-19,1335.56,1339.66,1333.37,1334.94,197409.0,1334.94
2022-12-20,1338.08,1350.66,1334.31,1345.64,276811.0,1345.64
2022-12-21,1355.39,1364.81,1345.01,1348.14,327022.0,1348.14
2022-12-22,1355.69,1358.84,1345.95,1358.21,278783.0,1358.21
2022-12-23,1357.59,1363.56,1349.41,1363.56,170188.0,1363.56
2022-12-26,1367.64,1367.64,1360.1,1367.02,341331.0,1367.02
2022-12-27,1375.82,1376.14,1368.27,1375.82,292838.0,1375.82
2022-12-28,1379.59,1381.8,1373.31,1377.08,276334.0,1377.08
2022-12-29,1372.05,1374.88,1350.99,1363.56,283012.0,1363.56
2022-12-30,1367.34,1367.64,1360.41,1366.39,213308.0,1366.39
2023-01-04,1366.39,1369.53,1359.16,1364.19,278878.0,1364.19
2023-01-05,1370.66,1370.97,1363.08,1365.92,120908.0,1365.92
2023-01-06,1360.87,1368.76,1355.82,1364.98,195703.0,1364.98
2023-01-10,1350.78,1352.36,1341.32,1351.73,552057.0,1351.73
2023-01-11,1357.08,1359.93,1354.56,1358.66,108738.0,1358.66
2023-01-12,1363.72,1378.23,1360.24,1376.02,177511.0,1376.02
2023-01-13,1377.28,1394.64,1374.44,1385.8,252718.0,1385.8
2023-01-16,1390.22,1390.22,1364.66,1367.51,320446.0,1367.51
2023-01-17,1371.92,1378.86,1363.08,1377.92,201471.0,1377.92
2023-01-18,1379.81,1386.43,1366.56,1386.12,352804.0,1386.12
2023-01-19,1383.59,1386.12,1369.71,1376.34,193611.0,1376.34
2023-01-20,1373.18,1386.12,1370.66,1385.8,181568.0,1385.8
2023-01-23,1393.06,1398.11,1386.12,1396.21,195449.0,1396.21
2023-01-24,1404.11,1411.99,1403.47,1410.09,201915.0,1410.09
2023-01-25,1409.79,1418.29,1407.25,1417.66,137768.0,1417.66
2023-01-26,1419.88,1419.88,1410.73,1415.46,158527.0,1415.46
2023-01-27,1419.25,1425.24,1412.94,1425.24,216050.0,1425.24
2023-01-30,1420.82,1425.24,1411.36,1415.14,225811.0,1415.14
2023-01-31,1417.04,1419.25,1403.47,1403.47,205369.0,1403.47
2023-02-01,1417.04,1417.36,1406.32,1406.32,134345.0,1406.32
2023-02-02,1413.25,1413.25,1385.17,1392.12,431846.0,1392.12
2023-02-03,1388.33,1393.06,1376.65,1391.17,251609.0,1391.17
2023-02-06,1400.95,1402.53,1391.17,1400.32,344627.0,1400.32
2023-02-07,1400.95,1410.73,1395.58,1403.79,267297.0,1403.79
2023-02-08,1410.09,1410.73,1401.89,1409.15,125218.0,1409.15
2023-02-09,1406.32,1411.99,1404.11,1410.41,174754.0,1410.41
2023-02-10,1411.36,1429.98,1411.36,1423.03,292620.0,1423.03
2023-02-13,1427.14,1434.07,1423.66,1430.61,254018.0,1430.61
2023-02-14,1445.13,1445.13,1435.65,1443.55,350364.0,1443.55
2023-02-15,1457.12,1457.43,1448.59,1454.59,574813.0,1454.59
2023-02-16,1460.58,1460.89,1453.96,1459.01,516149.0,1459.01
2023-02-17,1453.96,1464.68,1453.33,1464.68,373214.0,1464.68
2023-02-20,1467.53,1480.77,1465.32,1480.77,592085.0,1480.77
2023-02-21,1480.15,1487.4,1476.67,1485.5,512029.0,1485.5
2023-02-22,1481.09,1483.29,1467.84,1482.99,853868.0,1482.99
2023-02-24,1484.25,1484.56,1470.05,1473.52,774604.0,1473.52
2023-02-27,1475.73,1488.98,1475.73,1488.03,525467.0,1488.03
2023-02-28,1492.45,1493.08,1474.46,1478.25,757046.0,1478.25
2023-03-01,1472.88,1483.62,1471.95,1482.99,403164.0,1482.99
2023-03-02,1486.45,1492.45,1481.09,1484.88,675818.0,1484.88
2023-03-03,1487.4,1499.71,1487.4,1497.82,607139.0,1497.82
2023-03-06,1508.55,1508.85,1504.13,1508.23,545211.0,1508.23
2023-03-07,1506.65,1521.17,1506.65,1520.22,478752.0,1520.22
2023-03-08,1522.11,1525.26,1517.38,1524.0,493204.0,1524.0
2023-03-09,1527.47,1543.57,1527.47,1543.57,460497.0,1543.57
2023-03-10,1534.1,1535.05,1503.49,1504.76,1590093.0,1504.76
2023-03-13,1475.09,1478.25,1460.27,1470.05,1728812.0,1470.05
2023-03-14,1426.19,1428.72,1401.89,1408.21,1902711.0,1408.21
2023-03-15,1452.38,1455.22,1428.4,1439.76,1387861.0,1439.76
2023-03-16,1385.48,1399.05,1376.65,1395.26,1618109.0,1395.26
2023-03-17,1404.11,1406.95,1389.59,1401.58,762149.0,1401.58
2023-03-20,1387.06,1397.47,1372.86,1375.07,951387.0,1375.07
2023-03-22,1409.15,1410.09,1400.0,1404.11,887146.0,1404.11
2023-03-23,1385.17,1399.05,1380.76,1398.43,560139.0,1398.43
2023-03-24,1387.69,1392.42,1384.22,1390.22,522614.0,1390.22
2023-03-27,1399.05,1399.05,1384.85,1393.68,304599.0,1393.68
2023-03-28,1405.05,1414.83,1402.21,1403.47,519604.0,1403.47
2023-03-29,1409.15,1418.93,1407.25,1416.41,881948.0,1416.41
2023-03-30,1431.55,1434.39,1420.19,1433.44,612115.0,1433.44
2023-03-31,1446.06,1456.48,1445.13,1451.75,774921.0,1451.75
2023-04-03,1473.83,1473.83,1456.17,1465.95,885149.0,1465.95
2023-04-04,1467.21,1468.79,1462.47,1466.58,402182.0,1466.58
2023-04-05,1453.33,1454.26,1435.65,1436.92,1160433.0,1436.92
2023-04-06,1431.31,1450.65,1423.25,1426.47,1107713.0,1426.47
2023-04-07,1429.69,1439.69,1428.41,1431.95,734846.0,1431.95
2023-04-10,1439.69,1446.13,1438.4,1438.72,588584.0,1438.72
2023-04-11,1449.68,1453.88,1440.33,1451.93,580767.0,1451.93
2023-04-12,1459.36,1469.67,1459.03,1468.7,524495.0,1468.7
2023-04-13,1464.51,1466.12,1458.06,1463.22,557160.0,1463.22
2023-04-14,1476.44,1476.44,1463.55,1466.77,382142.0,1466.77
2023-04-17,1471.6,1478.05,1468.38,1476.76,493165.0,1476.76
2023-04-18,1483.22,1490.94,1482.89,1486.11,524775.0,1486.11
2023-04-19,1486.11,1496.1,1486.11,1496.1,477903.0,1496.1
2023-04-20,1491.59,1498.04,1486.11,1496.43,410216.0,1496.43
2023-04-21,1487.73,1493.52,1483.86,1488.05,403732.0,1488.05
2023-04-24,1488.05,1488.05,1478.05,1479.02,330369.0,1479.02
2023-04-25,1485.47,1489.01,1476.12,1479.34,277479.0,1479.34
2023-04-26,1463.55,1468.06,1458.71,1464.51,481780.0,1464.51
2023-04-27,1458.71,1470.63,1455.8,1470.63,326770.0,1470.63
2023-04-28,1481.6,1484.5,1461.93,1479.99,316409.0,1479.99
2023-05-01,1486.76,1489.33,1482.24,1486.76,450449.0,1486.76
2023-05-02,1490.3,1491.91,1478.7,1481.27,302915.0,1481.27
2023-05-08,1488.37,1488.68,1478.7,1484.82,238424.0,1484.82
2023-05-09,1494.81,1515.77,1494.81,1515.77,884893.0,1515.77
2023-05-10,1518.35,1524.15,1502.55,1507.38,508241.0,1507.38
2023-05-11,1500.94,1503.84,1495.79,1503.51,530048.0,1503.51
2023-05-12,1499.33,1506.1,1498.36,1506.1,355775.0,1506.1
2023-05-15,1514.16,1516.74,1507.71,1514.48,478182.0,1514.48
2023-05-16,1516.74,1522.86,1512.54,1516.1,572950.0,1516.1
2023-05-17,1515.12,1521.57,1512.23,1520.6,505511.0,1520.6
2023-05-18,1533.82,1536.08,1522.86,1534.46,634463.0,1534.46
2023-05-19,1538.65,1538.65,1523.82,1525.44,532002.0,1525.44
2023-05-22,1526.41,1535.44,1526.41,1534.78,426315.0,1534.78
2023-05-23,1540.27,1544.78,1520.28,1528.02,834608.0,1528.02
2023-05-24,1525.77,1538.01,1525.77,1534.46,399389.0,1534.46
2023-05-25,1526.08,1529.63,1521.9,1525.44,520153.0,1525.44
2023-05-26,1524.8,1527.05,1515.44,1516.41,537834.0,1516.41
2023-05-29,1538.98,1540.27,1531.56,1539.29,500392.0,1539.29
2023-05-30,1537.69,1538.01,1525.77,1534.14,579712.0,1534.14
2023-05-31,1524.15,1526.08,1508.35,1510.61,781563.0,1510.61
2023-06-01,1507.71,1522.54,1505.77,1519.64,451597.0,1519.64
2023-06-02,1531.24,1538.65,1526.41,1538.34,316099.0,1538.34
2023-06-05,1565.41,1567.35,1558.96,1564.12,654286.0,1564.12
2023-06-06,1555.74,1583.15,1550.91,1582.17,631547.0,1582.17
2023-06-07,1592.49,1594.75,1566.06,1569.28,792917.0,1569.28
2023-06-08,1571.22,1584.43,1560.9,1569.6,634960.0,1569.6
2023-06-09,1575.09,1588.95,1573.48,1586.69,452869.0,1586.69
2023-06-12,1595.72,1595.72,1579.28,1587.02,472257.0,1587.02
2023-06-13,1589.27,1599.9,1587.66,1595.72,509978.0,1595.72
2023-06-14,1608.61,1631.17,1608.61,1624.73,621590.0,1624.73
2023-06-15,1623.76,1641.49,1614.73,1631.5,598914.0,1631.5
2023-06-16,1627.31,1638.27,1623.44,1636.98,543108.0,1636.98
2023-06-19,1644.07,1646.97,1627.95,1637.94,586599.0,1637.94
2023-06-20,1641.81,1641.81,1621.83,1628.6,558525.0,1628.6
2023-06-21,1622.15,1644.71,1619.57,1643.1,848102.0,1643.1
2023-06-22,1647.29,1669.86,1647.29,1669.86,452590.0,1669.86
2023-06-23,1670.82,1671.79,1629.57,1644.39,1164915.0,1644.39
2023-06-26,1640.2,1648.27,1623.11,1642.78,425137.0,1642.78
2023-06-27,1642.14,1653.74,1629.24,1645.68,460593.0,1645.68
2023-06-28,1658.25,1672.44,1645.68,1672.44,463230.0,1672.44
2023-06-29,1680.18,1682.43,1661.15,1675.02,486992.0,1675.02
2023-06-30,1676.31,1677.92,1665.99,1675.02,559425.0,1675.02
2023-07-03,1686.95,1692.42,1683.08,1692.1,503122.0,1692.1
2023-07-04,1695.65,1700.49,1691.13,1700.49,420545.0,1700.49
2023-07-05,1702.09,1707.58,1695.32,1702.09,545651.0,1702.09
2023-07-06,1695.77,1701.91,1687.69,1699.32,569220.0,1699.32
2023-07-07,1681.23,1686.08,1663.79,1675.74,900394.0,1675.74
2023-07-10,1673.48,1686.08,1663.14,1668.96,472286.0,1668.96
2023-07-11,1674.77,1675.1,1653.13,1656.36,539437.0,1656.36
2023-07-12,1663.46,1669.92,1647.32,1655.72,447364.0,1655.72
2023-07-13,1659.91,1662.17,1645.7,1659.27,415228.0,1659.27
2023-07-14,1659.27,1663.46,1645.37,1658.62,356436.0,1658.62
2023-07-18,1657.01,1669.6,1655.06,1669.6,361699.0,1669.6
2023-07-19,1682.84,1689.63,1680.91,1689.31,465754.0,1689.31
2023-07-20,1695.44,1705.77,1687.37,1689.95,555598.0,1689.95
2023-07-21,1693.5,1697.06,1684.13,1691.89,218945.0,1691.89
2023-07-24,1695.77,1704.17,1689.31,1701.26,413556.0,1701.26
2023-07-25,1704.17,1712.24,1702.22,1712.24,376374.0,1712.24
2023-07-26,1711.91,1712.56,1697.7,1709.33,422256.0,1709.33
2023-07-27,1708.04,1723.22,1707.07,1722.57,472627.0,1722.57
2023-07-28,1709.01,1733.88,1708.69,1730.33,738940.0,1730.33
2023-07-31,1760.36,1760.36,1745.5,1753.91,964294.0,1753.91
2023-08-01,1760.36,1767.15,1751.32,1760.05,810859.0,1760.05
2023-08-02,1744.86,1751.32,1728.07,1733.24,1205809.0,1733.24
2023-08-03,1724.51,1730.33,1715.79,1718.38,695226.0,1718.38
2023-08-04,1715.15,1737.76,1715.15,1737.43,1067978.0,1737.43
2023-08-07,1733.55,1741.63,1729.03,1739.05,320585.0,1739.05
2023-08-08,1745.19,1751.97,1741.95,1749.71,478323.0,1749.71
2023-08-09,1754.88,1755.84,1739.37,1744.86,347210.0,1744.86
2023-08-10,1744.54,1774.26,1744.54,1773.61,580985.0,1773.61
2023-08-14,1774.57,1782.66,1751.64,1756.81,709281.0,1756.81
2023-08-15,1768.12,1772.96,1761.66,1764.57,360554.0,1764.57
2023-08-16,1747.76,1748.09,1730.98,1732.27,1138875.0,1732.27
2023-08-17,1722.25,1729.36,1702.22,1729.03,926400.0,1729.03
2023-08-18,1715.15,1730.33,1715.15,1722.25,660861.0,1722.25
2023-08-21,1723.22,1734.53,1723.22,1723.22,475413.0,1723.22
2023-08-22,1734.53,1745.19,1728.07,1745.19,580397.0,1745.19
2023-08-23,1739.05,1753.26,1732.59,1752.29,391761.0,1752.29
2023-08-24,1753.91,1764.88,1750.67,1761.98,614917.0,1761.98
2023-08-25,1752.62,1760.36,1750.35,1757.78,707516.0,1757.78
2023-08-28,1773.61,1783.95,1769.41,1783.95,889218.0,1783.95
2023-08-29,1791.05,1793.31,1779.1,1785.88,681944.0,1785.88
2023-08-30,1795.9,1798.8,1787.83,1789.43,733646.0,1789.43
2023-08-31,1789.43,1801.71,1787.83,1798.16,405631.0,1798.16
2023-09-01,1798.16,1829.16,1797.83,1826.9,953459.0,1826.9
2023-09-04,1838.21,1865.66,1836.59,1865.66,1243146.0,1865.66
2023-09-05,1869.22,1869.22,1847.9,1864.05,1566363.0,1864.05
2023-09-06,1868.25,1886.98,1867.61,1876.32,1037916.0,1876.32
2023-09-07,1876.65,1891.18,1873.09,1875.68,1091011.0,1875.68
2023-09-08,1863.08,1877.94,1858.56,1859.85,1071817.0,1859.85
2023-09-11,1874.71,1881.82,1866.96,1878.58,921323.0,1878.58
2023-09-12,1889.25,1889.56,1871.48,1888.27,967762.0,1888.27
2023-09-13,1893.77,1913.46,1893.77,1907.34,1338409.0,1907.34
2023-09-14,1921.87,1938.01,1914.44,1938.01,1480637.0,1938.01
2023-09-15,1950.62,1970.32,1933.82,1946.1,1795402.0,1946.1
2023-09-19,1943.83,1977.75,1942.53,1977.75,1656796.0,1977.75
2023-09-20,1984.86,1990.67,1958.69,1963.86,1592834.0,1963.86
2023-09-21,1964.18,1980.33,1961.6,1963.86,927298.0,1963.86
2023-09-22,1951.91,1963.86,1934.14,1955.14,1638808.0,1955.14
2023-09-25,1962.24,1962.24,1937.37,1944.8,1487014.0,1944.8
2023-09-26,1947.39,1953.53,1935.75,1949.32,759095.0,1949.32
2023-09-27,1941.89,1944.48,1928.32,1942.53,1011353.0,1942.53
2023-09-28,1954.49,1970.0,1938.34,1950.62,1142435.0,1950.62
2023-09-29,1972.26,1973.87,1911.53,1942.86,2139888.0,1942.86
2023-10-02,1967.74,1967.74,1930.27,1932.2,1253549.0,1932.2
2023-10-03,1924.77,1925.1,1891.18,1917.67,1016925.0,1917.67
2023-10-04,1873.42,1904.42,1854.04,1865.66,1773235.0,1865.66
2023-10-05,1894.64,1905.79,1831.64,1871.01,1912306.0,1871.01
2023-10-06,1876.59,1889.71,1835.91,1836.89,1326373.0,1836.89
2023-10-10,1868.06,1902.84,1867.07,1900.54,1004770.0,1900.54
2023-10-11,1900.21,1900.21,1882.5,1883.47,899458.0,1883.47
2023-10-12,1887.09,1897.26,1880.85,1897.26,670364.0,1897.26
2023-10-13,1885.45,1892.66,1868.39,1873.96,744829.0,1873.96
2023-10-16,1865.44,1875.27,1856.9,1861.17,693560.0,1861.17
2023-10-17,1879.87,1884.46,1860.84,1868.71,537559.0,1868.71
2023-10-18,1878.23,1886.44,1868.39,1884.46,432187.0,1884.46
2023-10-19,1860.84,1873.31,1851.99,1859.53,567614.0,1859.53
2023-10-20,1850.67,1867.07,1845.1,1865.11,438131.0,1865.11
2023-10-23,1855.59,1855.59,1840.17,1841.16,676369.0,1841.16
2023-10-24,1838.54,1840.5,1792.93,1834.26,1670502.0,1834.26
2023-10-25,1844.11,1859.2,1840.5,1847.71,546551.0,1847.71
2023-10-26,1837.22,1848.7,1827.7,1830.33,503421.0,1830.33
2023-10-27,1835.25,1864.78,1833.29,1863.8,505311.0,1863.8
2023-10-30,1859.86,1859.86,1833.29,1837.88,658264.0,1837.88
2023-10-31,1860.19,1864.12,1832.3,1856.25,521405.0,1856.25
2023-11-01,1886.76,1901.85,1881.19,1900.21,860748.0,1900.21
2023-11-02,1919.24,1919.24,1882.82,1892.66,694292.0,1892.66
2023-11-06,1914.65,1919.24,1882.82,1887.41,1171530.0,1887.41
2023-11-07,1887.75,1890.04,1867.07,1871.67,650217.0,1871.67
2023-11-08,1873.31,1873.31,1805.07,1818.19,1885727.0,1818.19
2023-11-09,1815.9,1848.05,1806.05,1844.76,690329.0,1844.76
2023-11-10,1829.01,1863.46,1829.01,1863.14,652076.0,1863.14
2023-11-13,1872.98,1874.95,1862.49,1872.32,477787.0,1872.32
2023-11-14,1883.81,1892.66,1881.84,1887.41,493484.0,1887.41
2023-11-15,1906.11,1906.11,1882.16,1887.41,598582.0,1887.41
2023-11-16,1888.07,1899.22,1879.54,1887.09,508816.0,1887.09
2023-11-17,1874.95,1904.15,1871.34,1903.49,583250.0,1903.49
2023-11-20,1905.46,1920.55,1893.0,1898.9,615072.0,1898.9
2023-11-21,1896.6,1897.59,1879.87,1893.0,551428.0,1893.0
2023-11-22,1884.14,1907.1,1884.14,1901.85,454469.0,1901.85
2023-11-24,1912.02,1918.58,1909.4,1918.26,584561.0,1918.26
2023-11-27,1925.8,1933.35,1916.29,1925.47,909182.0,1925.47
2023-11-28,1930.06,1930.4,1917.6,1925.47,726571.0,1925.47
2023-11-29,1915.96,1921.54,1897.91,1899.89,583006.0,1899.89
2023-11-30,1893.97,1911.7,1887.09,1910.71,506408.0,1910.71
2023-12-01,1920.88,1928.1,1914.65,1924.49,1041255.0,1924.49
2023-12-04,1920.55,1920.88,1898.57,1910.71,576331.0,1910.71
2023-12-05,1908.09,1915.96,1894.31,1900.86,433254.0,1900.86
2023-12-06,1898.24,1925.8,1898.24,1923.51,925184.0,1923.51
2023-12-07,1910.71,1912.02,1901.2,1908.74,785247.0,1908.74
2023-12-08,1896.27,1899.55,1871.01,1875.6,1600579.0,1875.6
2023-12-11,1901.85,1905.79,1890.37,1903.16,573344.0,1903.16
2023-12-12,1909.07,1912.35,1894.31,1897.59,436424.0,1897.59
2023-12-13,1899.55,1899.55,1879.21,1887.75,636013.0,1887.75
2023-12-14,1879.21,1886.44,1835.58,1842.47,2209738.0,1842.47
2023-12-15,1843.45,1862.49,1836.56,1856.25,624552.0,1856.25
2023-12-18,1844.76,1854.28,1827.38,1852.64,883730.0,1852.64
2023-12-19,1852.31,1869.37,1840.5,1862.49,652807.0,1862.49
2023-12-20,1863.8,1889.71,1860.51,1881.19,941705.0,1881.19
2023-12-21,1869.05,1877.9,1860.19,1873.31,528232.0,1873.31
2023-12-22,1881.84,1898.57,1881.19,1895.29,793294.0,1895.29
2023-12-25,1900.54,1909.07,1870.69,1873.31,722761.0,1873.31
2023-12-26,1880.85,1881.19,1865.11,1872.32,691579.0,1872.32
2023-12-27,1884.14,1901.52,1884.14,1899.55,845203.0,1899.55
2023-12-28,1901.2,1902.17,1887.09,1899.55,680179.0,1899.55
2023-12-29,1902.17,1911.7,1889.71,1897.59,811948.0,1897.59
2024-01-04,1924.23,1950.87,1903.83,1949.22,2033089.0,1949.22
2024-01-05,1959.09,1987.38,1959.09,1982.45,1413135.0,1982.45
2024-01-09,1990.02,1999.55,1966.34,1971.59,1480293.0,1971.59
2024-01-10,1970.61,1982.77,1965.01,1976.85,960362.0,1976.85
2024-01-11,1993.3,2013.7,1992.64,1997.91,1448401.0,1997.91
2024-01-12,2002.51,2015.01,1994.29,2002.51,947836.0,2002.51
2024-01-15,2013.04,2055.47,2008.11,2051.85,1720589.0,2051.85
2024-01-16,2059.09,2062.38,2040.34,2052.84,1363945.0,2052.84
2024-01-17,2069.29,2120.6,2062.38,2090.01,1278422.0,2090.01
2024-01-18,2089.02,2091.0,2045.6,2050.54,741161.0,2050.54
2024-01-19,2079.15,2079.15,2043.63,2052.51,872720.0,2052.51
2024-01-22,2072.25,2077.18,2052.51,2077.18,675571.0,2077.18
2024-01-23,2080.14,2092.97,2062.38,2070.27,984454.0,2070.27
2024-01-24,2071.26,2079.15,2064.35,2075.21,555093.0,2075.21
2024-01-25,2078.17,2089.02,2073.23,2082.11,427524.0,2082.11
2024-01-26,2082.11,2082.11,2050.54,2053.5,714462.0,2053.5
2024-01-29,2072.25,2091.0,2069.29,2088.04,491199.0,2088.04
2024-01-30,2091.0,2092.97,2079.15,2086.06,355272.0,2086.06
2024-01-31,2086.06,2108.76,2078.17,2108.76,465795.0,2108.76
2024-02-01,2096.92,2103.82,2080.14,2087.05,649698.0,2087.05
2024-02-02,2092.97,2092.97,2058.43,2074.22,1124066.0,2074.22
2024-02-05,2097.9,2098.89,2074.22,2086.06,355949.0,2086.06
2024-02-06,2087.05,2089.02,2063.37,2067.31,487487.0,2067.31
2024-02-07,2064.35,2085.07,2061.39,2085.07,379799.0,2085.07
2024-02-08,2091.98,2091.98,2070.27,2077.18,499567.0,2077.18
2024-02-09,2072.25,2078.17,2052.51,2057.44,1187200.0,2057.44
2024-02-13,2072.25,2099.88,2064.35,2099.88,1513084.0,2099.88
2024-02-14,2096.92,2097.9,2077.18,2091.98,901642.0,2091.98
2024-02-15,2106.78,2113.69,2091.98,2098.89,449567.0,2098.89
2024-02-16,2110.73,2148.23,2108.76,2140.33,1125099.0,2140.33
2024-02-19,2143.3,2168.95,2143.3,2168.95,1131846.0,2168.95
2024-02-20,2176.85,2178.82,2154.15,2161.06,907850.0,2161.06
2024-02-21,2161.06,2169.94,2148.23,2159.08,1059837.0,2159.08
2024-02-22,2171.91,2185.73,2169.94,2178.82,739064.0,2178.82
2024-02-26,2186.71,2190.66,2164.02,2176.85,862161.0,2176.85
2024-02-27,2175.86,2202.5,2173.89,2186.71,905189.0,2186.71
2024-02-28,2188.69,2194.61,2169.94,2178.82,1003219.0,2178.82
2024-02-29,2186.71,2192.63,2170.93,2186.71,670643.0,2186.71
2024-03-01,2189.67,2227.17,2187.7,2225.2,1050022.0,2225.2
2024-03-04,2239.01,2239.01,2199.54,2204.48,988795.0,2204.48
2024-03-05,2201.52,2216.32,2197.57,2213.36,437836.0,2213.36
2024-03-06,2211.38,2226.19,2203.49,2225.2,584801.0,2225.2
2024-03-07,2235.07,2250.85,2220.26,2227.17,900804.0,2227.17
2024-03-08,2239.01,2253.81,2213.36,2240.99,903864.0,2240.99
2024-03-11,2232.11,2233.09,2159.08,2185.73,1324416.0,2185.73
2024-03-12,2164.02,2166.98,2133.43,2163.03,1021654.0,2163.03
2024-03-13,2189.67,2191.65,2144.28,2159.08,618714.0,2159.08
2024-03-14,2163.03,2176.85,2159.08,2176.85,424068.0,2176.85
2024-03-15,2166.98,2195.59,2166.98,2185.73,596394.0,2185.73
2024-03-18,2207.44,2220.26,2191.65,2217.3,622518.0,2217.3
2024-03-19,2212.37,2244.93,2212.37,2234.08,1018953.0,2234.08
2024-03-21,2259.74,2273.55,2247.89,2273.55,1093656.0,2273.55
2024-03-22,2284.41,2298.22,2257.76,2291.31,1051642.0,2291.31
2024-03-25,2286.38,2288.35,2268.62,2270.59,641964.0,2270.59
2024-03-26,2270.59,2274.54,2261.71,2268.62,646369.0,2268.62
2024-03-27,2281.44,2294.27,2279.47,2279.47,875625.0,2279.47
2024-03-28,2289.34,2299.21,2264.67,2269.6,1083085.0,2269.6
2024-03-29,2283.42,2289.34,2266.64,2284.41,722278.0,2284.41
2024-04-01,2281.44,2287.37,2223.22,2233.09,1403789.0,2233.09
2024-04-02,2251.84,2259.74,2221.25,2230.13,1021413.0,2230.13
2024-04-03,2230.13,2258.75,2219.28,2240.0,1010669.0,2240.0
2024-04-04,2267.0,2281.0,2255.0,2271.0,969886.0,2271.0
2024-04-05,2253.0,2261.0,2240.0,2259.0,823946.0,2259.0
2024-04-08,2268.0,2282.0,2264.0,2274.0,611468.0,2274.0
2024-04-09,2280.0,2292.0,2274.0,2290.0,382627.0,2290.0
2024-04-10,2286.0,2286.0,2275.0,2280.0,342474.0,2280.0
2024-04-11,2265.0,2302.0,2262.0,2301.0,493392.0,2301.0
2024-04-12,2301.0,2307.0,2290.0,2305.0,457153.0,2305.0
2024-04-15,2286.0,2316.0,2275.0,2316.0,538739.0,2316.0
2024-04-16,2294.0,2301.0,2243.0,2250.0,869000.0,2250.0
2024-04-17,2252.0,2255.0,2218.0,2222.0,845975.0,2222.0
2024-04-18,2210.0,2247.0,2208.0,2240.0,332803.0,2240.0
2024-04-19,2228.0,2238.0,2203.0,2226.0,1080012.0,2226.0
2024-04-22,2245.0,2267.0,2239.0,2263.0,525517.0,2263.0
2024-04-23,2275.0,2281.0,2257.0,2265.0,393836.0,2265.0
2024-04-24,2282.0,2287.0,2265.0,2287.0,432773.0,2287.0
2024-04-25,2268.0,2281.0,2246.0,2249.0,527913.0,2249.0
2024-04-26,2252.0,2277.0,2244.0,2277.0,453124.0,2277.0
2024-04-30,2296.0,2325.0,2285.0,2325.0,843884.0,2325.0
2024-05-01,2306.0,2307.0,2284.0,2298.0,534914.0,2298.0
2024-05-02,2293.0,2302.0,2283.0,2300.0,490569.0,2300.0
2024-05-07,2312.0,2314.0,2285.0,2299.0,453344.0,2299.0
2024-05-08,2299.0,2303.0,2272.0,2277.0,464356.0,2277.0
2024-05-09,2284.0,2297.0,2274.0,2291.0,360824.0,2291.0
2024-05-10,2285.0,2342.0,2285.0,2330.0,845236.0,2330.0
2024-05-13,2325.0,2328.0,2314.0,2323.0,355975.0,2323.0
2024-05-14,2320.0,2328.0,2300.0,2325.0,459510.0,2325.0
2024-05-15,2333.0,2347.0,2326.0,2328.0,625173.0,2328.0
2024-05-16,2335.0,2339.0,2286.0,2312.0,1503520.0,2312.0
2024-05-17,2300.0,2323.0,2299.0,2323.0,459419.0,2323.0
2024-05-20,2330.0,2360.0,2327.0,2359.0,860931.0,2359.0
2024-05-21,2368.0,2378.0,2353.0,2353.0,1087015.0,2353.0
2024-05-22,2356.0,2359.0,2340.0,2341.0,352833.0,2341.0
2024-05-23,2347.0,2348.0,2313.0,2348.0,431679.0,2348.0
2024-05-24,2320.0,2349.0,2316.0,2345.0,433688.0,2345.0
2024-05-27,2353.0,2378.0,2352.0,2378.0,575882.0,2378.0
2024-05-28,2380.0,2396.0,2373.0,2391.0,339500.0,2391.0
2024-05-29,2398.0,2411.0,2377.0,2380.0,527556.0,2380.0
2024-05-30,2365.0,2375.0,2342.0,2367.0,843971.0,2367.0
2024-05-31,2374.0,2410.0,2368.0,2407.0,712645.0,2407.0
2024-06-03,2422.0,2452.0,2422.0,2450.0,701185.0,2450.0
2024-06-04,2440.0,2452.0,2413.0,2421.0,928715.0,2421.0
2024-06-05,2392.0,2401.0,2357.0,2363.0,1132465.0,2363.0
2024-06-06,2397.0,2398.0,2366.0,2381.0,402848.0,2381.0
2024-06-07,2381.0,2391.0,2375.0,2384.0,318316.0,2384.0
2024-06-10,2392.0,2403.0,2391.0,2400.0,418768.0,2400.0
2024-06-11,2408.0,2418.0,2381.0,2384.0,588060.0,2384.0
2024-06-12,2380.0,2380.0,2361.0,2363.0,621610.0,2363.0
2024-06-13,2380.0,2386.0,2326.0,2326.0,1028003.0,2326.0
2024-06-14,2321.0,2355.0,2316.0,2351.0,565101.0,2351.0
2024-06-17,2331.0,2335.0,2298.0,2299.0,1053595.0,2299.0
2024-06-18,2322.0,2322.0,2298.0,2308.0,461283.0,2308.0
2024-06-19,2316.0,2324.0,2310.0,2317.0,375013.0,2317.0
2024-06-20,2314.0,2316.0,2294.0,2307.0,551018.0,2307.0
2024-06-21,2318.0,2339.0,2318.0,2320.0,670164.0,2320.0
2024-06-24,2320.0,2333.0,2313.0,2326.0,407219.0,2326.0
2024-06-25,2342.0,2383.0,2341.0,2380.0,885034.0,2380.0
2024-06-26,2380.0,2390.0,2371.0,2379.0,592873.0,2379.0
2024-06-27,2379.0,2386.0,2370.0,2376.0,315410.0,2376.0
2024-06-28,2390.0,2402.0,2386.0,2397.0,503192.0,2397.0
2024-07-01,2422.0,2430.0,2411.0,2427.0,568585.0,2427.0
2024-07-02,2430.0,2473.0,2430.0,2467.0,1020509.0,2467.0
2024-07-03,2469.0,2471.0,2451.0,2469.0,631029.0,2469.0
2024-07-04,2468.0,2495.0,2467.0,2494.0,744909.0,2494.0
2024-07-05,2490.0,2495.0,2460.0,2464.0,516205.0,2464.0
2024-07-08,2464.0,2464.0,2438.0,2441.0,639177.0,2441.0
2024-07-09,2438.0,2446.0,2421.0,2437.0,430989.0,2437.0
2024-07-10,2441.0,2458.0,2438.0,2456.0,410956.0,2456.0
2024-07-11,2471.0,2482.0,2464.0,2471.0,476493.0,2471.0
2024-07-12,2435.0,2460.0,2430.0,2460.0,755444.0,2460.0
2024-07-16,2448.0,2461.0,2444.0,2450.0,392023.0,2450.0
2024-07-17,2461.0,2473.0,2460.0,2465.0,317030.0,2465.0
2024-07-18,2449.0,2464.0,2437.0,2448.0,538930.0,2448.0
2024-07-19,2439.0,2439.0,2410.0,2426.0,546181.0,2426.0
2024-07-22,2423.0,2424.0,2400.0,2400.0,538193.0,2400.0
2024-07-23,2424.0,2432.0,2415.0,2425.0,422890.0,2425.0
2024-07-24,2411.0,2414.0,2374.0,2377.0,883659.0,2377.0
2024-07-25,2342.0,2346.0,2316.0,2318.0,1344783.0,2318.0
2024-07-26,2322.0,2340.0,2306.0,2318.0,823897.0,2318.0
2024-07-29,2341.0,2368.0,2330.0,2359.0,535104.0,2359.0
2024-07-30,2346.0,2354.0,2337.0,2351.0,353787.0,2351.0
2024-07-31,2327.0,2398.0,2327.0,2395.0,777140.0,2395.0
2024-08-01,2363.0,2363.0,2300.0,2323.0,1350625.0,2323.0
2024-08-02,2235.0,2239.0,2189.0,2201.0,2642667.0,2201.0
2024-08-05,2031.0,2048.0,1874.0,1895.0,3839405.0,1895.0
2024-08-06,2110.0,2151.0,2013.0,2051.0,3165078.0,2051.0
2024-08-07,2028.0,2167.0,2013.0,2139.0,2325937.0,2139.0
2024-08-08,2098.0,2144.0,2082.0,2110.0,1444877.0,2110.0
2024-08-09,2160.0,2160.0,2082.0,2115.0,1026658.0,2115.0
2024-08-13,2139.0,2167.0,2137.0,2167.0,786740.0,2167.0
2024-08-14,2187.0,2211.0,2177.0,2197.0,883525.0,2197.0
2024-08-15,2206.0,2240.0,2204.0,2230.0,983029.0,2230.0
2024-08-16,2280.0,2283.0,2257.0,2279.0,920180.0,2279.0
2024-08-19,2272.0,2289.0,2250.0,2250.0,1016370.0,2250.0
2024-08-20,2274.0,2278.0,2256.0,2271.0,640987.0,2271.0
2024-08-21,2247.0,2264.0,2241.0,2264.0,514156.0,2264.0
2024-08-22,2264.0,2267.0,2253.0,2265.0,452036.0,2265.0
2024-08-23,2267.0,2282.0,2262.0,2280.0,437612.0,2280.0
2024-08-26,2265.0,2267.0,2244.0,2250.0,698645.0,2250.0
2024-08-27,2251.0,2273.0,2250.0,2269.0,312255.0,2269.0
2024-08-28,2269.0,2274.0,2260.0,2274.0,353307.0,2274.0
2024-08-29,2271.0,2281.0,2267.0,2281.0,266851.0,2281.0
2024-08-30,2284.0,2295.0,2280.0,2291.0,390161.0,2291.0
2024-09-02,2308.0,2311.0,2287.0,2302.0,621266.0,2302.0
2024-09-03,2307.0,2325.0,2306.0,2320.0,612688.0,2320.0
2024-09-04,2255.0,2274.0,2235.0,2241.0,1395774.0,2241.0
2024-09-05,2212.0,2266.0,2200.0,2237.0,1766141.0,2237.0
2024-09-06,2234.0,2238.0,2206.0,2220.0,566499.0,2220.0
2024-09-09,2153.0,2197.0,2150.0,2191.0,1089714.0,2191.0
2024-09-10,2208.0,2213.0,2181.0,2182.0,476619.0,2182.0
2024-09-11,2161.0,2166.0,2116.0,2138.0,975611.0,2138.0
2024-09-12,2176.0,2185.0,2155.0,2177.0,744857.0,2177.0
2024-09-13,2167.0,2172.0,2150.0,2157.0,330551.0,2157.0
2024-09-17,2167.0,2176.0,2119.0,2150.0,475705.0,2150.0
2024-09-18,2170.0,2172.0,2147.0,2161.0,332649.0,2161.0
2024-09-19,2200.0,2223.0,2198.0,2211.0,1065717.0,2211.0
2024-09-20,2246.0,2248.0,2226.0,2231.0,700578.0,2231.0
2024-09-24,2260.0,2260.0,2235.0,2246.0,566497.0,2246.0
2024-09-25,2245.0,2246.0,2228.0,2238.0,379501.0,2238.0
2024-09-26,2249.0,2264.0,2242.0,2253.0,675902.0,2253.0
2024-09-27,2265.0,2305.0,2261.0,2302.0,1179070.0,2302.0
2024-09-30,2230.0,2261.0,2227.0,2248.0,1126271.0,2248.0
2024-10-01,2267.0,2284.0,2258.0,2278.0,542592.0,2278.0
2024-10-02,2269.0,2289.0,2259.0,2268.0,626362.0,2268.0
2024-10-03,2312.0,2315.0,2287.0,2288.0,1056657.0,2288.0
2024-10-04,2245.0,2255.0,2240.0,2253.0,537721.0,2253.0
2024-10-07,2292.0,2296.0,2275.0,2283.0,940483.0,2283.0
2024-10-08,2268.0,2277.0,2243.0,2251.0,595669.0,2251.0
2024-10-09,2260.0,2262.0,2229.0,2238.0,485325.0,2238.0
2024-10-10,2252.0,2255.0,2245.0,2249.0,468429.0,2249.0
2024-10-11,2253.0,2258.0,2243.0,2245.0,249277.0,2245.0
2024-10-15,2259.0,2263.0,2244.0,2245.0,644472.0,2245.0
2024-10-16,2230.0,2252.0,2219.0,2238.0,364465.0,2238.0
2024-10-17,2246.0,2254.0,2243.0,2249.0,342987.0,2249.0
2024-10-18,2252.0,2258.0,2241.0,2246.0,367268.0,2246.0
2024-10-21,2246.0,2255.0,2233.0,2244.0,356742.0,2244.0
2024-10-22,2235.0,2244.0,2211.0,2230.0,573182.0,2230.0
2024-10-23,2226.0,2237.0,2211.0,2218.0,518543.0,2218.0
2024-10-24,2201.0,2219.0,2185.0,2212.0,658145.0,2212.0
2024-10-25,2194.0,2205.0,2176.0,2184.0,743072.0,2184.0
2024-10-28,2171.0,2218.0,2165.0,2215.0,670661.0,2215.0
2024-10-29,2215.0,2240.0,2213.0,2235.0,395215.0,2235.0
2024-10-30,2243.0,2257.0,2236.0,2243.0,366589.0,2243.0
2024-10-31,2244.0,2255.0,2233.0,2250.0,412474.0,2250.0
2024-11-01,2220.0,2237.0,2214.0,2221.0,316762.0,2221.0
2024-11-05,2221.0,2235.0,2217.0,2235.0,281440.0,2235.0
2024-11-06,2243.0,2280.0,2240.0,2255.0,691646.0,2255.0
2024-11-07,2280.0,2301.0,2259.0,2284.0,833335.0,2284.0
2024-11-08,2290.0,2293.0,2259.0,2271.0,389271.0,2271.0
2024-11-11,2269.0,2269.0,2245.0,2249.0,328035.0,2249.0
2024-11-12,2254.0,2279.0,2254.0,2264.0,335353.0,2264.0
2024-11-13,2265.0,2273.0,2242.0,2247.0,330365.0,2247.0
2024-11-14,2252.0,2272.0,2243.0,2243.0,392070.0,2243.0
2024-11-15,2259.0,2272.0,2255.0,2263.0,326520.0,2263.0
2024-11-18,2256.0,2268.0,2253.0,2263.0,327368.0,2263.0
2024-11-19,2263.0,2279.0,2257.0,2277.0,323718.0,2277.0
2024-11-20,2278.0,2284.0,2255.0,2262.0,271812.0,2262.0
2024-11-21,2259.0,2264.0,2250.0,2252.0,301481.0,2252.0
2024-11-22,2256.0,2271.0,2254.0,2264.0,389587.0,2264.0
2024-11-25,2284.0,2286.0,2270.0,2277.0,471825.0,2277.0
2024-11-26,2274.0,2274.0,2232.0,2249.0,1015807.0,2249.0
2024-11-27,2239.0,2239.0,2204.0,2215.0,689894.0,2215.0
2024-11-28,2205.0,2234.0,2202.0,2222.0,381167.0,2222.0
2024-11-29,2220.0,2228.0,2211.0,2224.0,206208.0,2224.0
2024-12-02,2225.0,2254.0,2225.0,2249.0,374617.0,2249.0
2024-12-03,2260.0,2283.0,2260.0,2272.0,473908.0,2272.0
2024-12-04,2276.0,2278.0,2251.0,2254.0,352726.0,2254.0
2024-12-05,2260.0,2262.0,2246.0,2251.0,218429.0,2251.0
2024-12-06,2252.0,2258.0,2240.0,2250.0,200205.0,2250.0
2024-12-09,2254.0,2262.0,2244.0,2257.0,299641.0,2257.0
2024-12-10,2273.0,2282.0,2259.0,2260.0,372386.0,2260.0
2024-12-11,2266.0,2273.0,2255.0,2268.0,178251.0,2268.0
2024-12-12,2280.0,2284.0,2272.0,2278.0,450410.0,2278.0
2024-12-13,2280.0,2280.0,2255.0,2264.0,321979.0,2264.0
2024-12-16,2267.0,2275.0,2254.0,2257.0,308167.0,2257.0
2024-12-17,2258.0,2265.0,2235.0,2237.0,403608.0,2237.0
2024-12-18,2238.0,2249.0,2237.0,2240.0,444266.0,2240.0
2024-12-19,2218.0,2250.0,2211.0,2241.0,550002.0,2241.0
2024-12-20,2254.0,2259.0,2234.0,2238.0,273835.0,2238.0
2024-12-23,2240.0,2250.0,2229.0,2248.0,462273.0,2248.0
2024-12-24,2259.0,2270.0,2254.0,2266.0,557326.0,2266.0
2024-12-25,2271.0,2274.0,2257.0,2274.0,882609.0,2274.0
2024-12-26,2277.0,2300.0,2277.0,2300.0,506720.0,2300.0
2024-12-27,2306.0,2324.0,2305.0,2323.0,906213.0,2323.0
2024-12-30,2327.0,2340.0,2316.0,2323.0,716745.0,2323.0
2025-01-06,2330.0,2331.0,2304.0,2318.0,668102.0,2318.0
2025-01-07,2323.0,2329.0,2300.0,2324.0,1073881.0,2324.0
2025-01-08,2315.0,2320.0,2304.0,2312.0,325814.0,2312.0
2025-01-09,2307.0,2307.0,2271.0,2279.0,675058.0,2279.0
2025-01-10,2271.0,2276.0,2251.0,2252.0,558416.0,2252.0
2025-01-14,2252.0,2256.0,2228.0,2241.0,839974.0,2241.0
2025-01-15,2256.0,2262.0,2242.0,2250.0,211571.0,2250.0
2025-01-16,2250.0,2257.0,2233.0,2234.0,301757.0,2234.0
2025-01-17,2225.0,2231.0,2204.0,2231.0,655587.0,2231.0
2025-01-20,2237.0,2254.0,2235.0,2246.0,323923.0,2246.0
2025-01-21,2255.0,2261.0,2232.0,2242.0,296328.0,2242.0
2025-01-22,2249.0,2251.0,2239.0,2242.0,498291.0,2242.0
2025-01-23,2240.0,2254.0,2234.0,2252.0,1340919.0,2252.0
2025-01-24,2258.0,2268.0,2243.0,2254.0,470053.0,2254.0
2025-01-27,2268.0,2286.0,2268.0,2278.0,413686.0,2278.0
2025-01-28,2278.0,2294.0,2268.0,2284.0,468683.0,2284.0
2025-01-29,2289.0,2294.0,2280.0,2283.0,232558.0,2283.0
2025-01-30,2286.0,2298.0,2283.0,2298.0,162552.0,2298.0
2025-01-31,2296.0,2307.0,2284.0,2304.0,322259.0,2304.0
2025-02-03,2280.0,2280.0,2239.0,2252.0,798876.0,2252.0
2025-02-04,2276.0,2279.0,2261.0,2272.0,256737.0,2272.0
2025-02-05,2281.0,2296.0,2264.0,2272.0,267936.0,2272.0
2025-02-06,2278.0,2290.0,2272.0,2276.0,390325.0,2276.0
2025-02-07,2274.0,2282.0,2259.0,2277.0,221326.0,2277.0
2025-02-10,2285.0,2285.0,2271.0,2276.0,262877.0,2276.0
2025-02-12,2292.0,2299.0,2273.0,2283.0,429036.0,2283.0
2025-02-13,2299.0,2315.0,2296.0,2311.0,579604.0,2311.0
2025-02-14,2312.0,2321.0,2302.0,2305.0,275194.0,2305.0
2025-02-17,2299.0,2304.0,2292.0,2297.0,241567.0,2297.0
2025-02-18,2302.0,2317.0,2294.0,2310.0,484049.0,2310.0
2025-02-19,2308.0,2328.0,2306.0,2308.0,396337.0,2308.0
2025-02-20,2303.0,2304.0,2278.0,2292.0,554995.0,2292.0
2025-02-21,2281.0,2298.0,2280.0,2292.0,294928.0,2292.0
2025-02-25,2280.0,2306.0,2279.0,2305.0,356200.0,2305.0
2025-02-26,2305.0,2305.0,2278.0,2294.0,1103726.0,2294.0
2025-02-27,2300.0,2322.0,2299.0,2320.0,395842.0,2320.0
2025-02-28,2314.0,2318.0,2288.0,2304.0,788676.0,2304.0
2025-03-03,2320.0,2332.0,2312.0,2332.0,602261.0,2332.0
2025-03-04,2320.0,2332.0,2307.0,2322.0,362131.0,2322.0
2025-03-05,2325.0,2334.0,2307.0,2330.0,619789.0,2330.0
2025-03-06,2337.0,2357.0,2337.0,2352.0,579825.0,2352.0
2025-03-07,2329.0,2348.0,2316.0,2340.0,486052.0,2340.0
2025-03-10,2345.0,2346.0,2328.0,2336.0,526916.0,2336.0
2025-03-11,2312.0,2316.0,2273.0,2312.0,1108074.0,2312.0
2025-03-12,2304.0,2323.0,2300.0,2320.0,243743.0,2320.0
2025-03-13,2329.0,2338.0,2325.0,2330.0,328775.0,2330.0
2025-03-14,2325.0,2345.0,2321.0,2342.0,287757.0,2342.0
2025-03-17,2352.0,2375.0,2351.0,2371.0,1467646.0,2371.0
2025-03-18,2398.0,2410.0,2394.0,2403.0,1264965.0,2403.0
2025-03-19,2404.0,2423.0,2403.0,2414.0,460545.0,2414.0
2025-03-21,2408.0,2428.0,2399.0,2420.0,1009797.0,2420.0
2025-03-24,2419.0,2419.0,2401.0,2401.0,1328061.0,2401.0
2025-03-25,2413.0,2418.0,2397.0,2409.0,983734.0,2409.0
2025-03-26,2420.0,2423.0,2406.0,2418.0,662978.0,2418.0
2025-03-27,2410.0,2418.0,2399.0,2416.0,618865.0,2416.0
2025-03-28,2414.0,2419.0,2392.0,2407.0,528432.0,2407.0
2025-03-31,2348.0,2366.0,2313.0,2327.0,1294015.0,2327.0
2025-04-01,2369.0,2371.0,2335.0,2348.0,597834.0,2348.0
2025-04-02,2348.0,2348.0,2307.0,2324.0,587539.0,2324.0
2025-04-03,2244.0,2305.0,2240.0,2284.0,1569786.0,2284.0
2025-04-04,2200.0,2230.0,2169.0,2194.0,1701047.0,2194.0
2025-04-07,1885.0,1975.0,1873.0,1938.0,3989125.0,1938.0
2025-04-08,2033.0,2075.0,2030.0,2055.0,1383447.0,2055.0
2025-04-09,2020.0,2020.0,1952.0,1981.0,2260163.0,1981.0
2025-04-10,2171.0,2171.0,2098.0,2119.0,1628100.0,2119.0
2025-04-11,2030.0,2073.0,2015.0,2060.0,1556695.0,2060.0
2025-04-14,2080.0,2100.0,2078.0,2078.0,504442.0,2078.0
2025-04-15,2104.0,2112.0,2099.0,2100.0,333611.0,2100.0
2025-04-16,2108.0,2110.0,2070.0,2080.0,619946.0,2080.0
2025-04-17,2082.0,2112.0,2079.0,2112.0,307802.0,2112.0
2025-04-18,2126.0,2137.0,2116.0,2137.0,261864.0,2137.0
2025-04-21,2126.0,2126.0,2094.0,2104.0,419964.0,2104.0
2025-04-22,2096.0,2112.0,2092.0,2110.0,309961.0,2110.0
2025-04-23,2157.0,2159.0,2138.0,2151.0,539096.0,2151.0
2025-04-24,2171.0,2181.0,2158.0,2160.0,321712.0,2160.0
2025-04-25,2180.0,2187.0,2173.0,2180.0,753640.0,2180.0
2025-04-28,2202.0,2217.0,2196.0,2210.0,455915.0,2210.0
2025-04-30,2221.0,2228.0,2180.0,2201.0,757424.0,2201.0
2025-05-01,2203.0,2205.0,2185.0,2203.0,329262.0,2203.0
2025-05-02,2204.0,2220.0,2198.0,2199.0,458835.0,2199.0
2025-05-07,2208.0,2213.0,2198.0,2208.0,585903.0,2208.0
2025-05-08,2207.0,2210.0,2187.0,2207.0,337999.0,2207.0
2025-05-09,2226.0,2235.0,2219.0,2232.0,584365.0,2232.0
2025-05-12,2241.0,2242.0,2224.0,2239.0,756415.0,2239.0
2025-05-13,2285.0,2289.0,2259.0,2269.0,763202.0,2269.0
2025-05-14,2274.0,2274.0,2240.0,2262.0,256588.0,2262.0
2025-05-15,2250.0,2258.0,2239.0,2243.0,287189.0,2243.0
2025-05-16,2247.0,2254.0,2239.0,2248.0,295700.0,2248.0
2025-05-19,2247.0,2251.0,2237.0,2244.0,212766.0,2244.0
2025-05-20,2253.0,2255.0,2231.0,2233.0,282817.0,2233.0
2025-05-21,2243.0,2254.0,2238.0,2241.0,235066.0,2241.0
2025-05-22,2228.0,2233.0,2217.0,2231.0,295735.0,2231.0
2025-05-23,2231.0,2242.0,2230.0,2235.0,173689.0,2235.0
2025-05-26,2244.0,2251.0,2236.0,2245.0,229308.0,2245.0
2025-05-27,2243.0,2258.0,2237.0,2258.0,182369.0,2258.0
2025-05-28,2274.0,2276.0,2258.0,2258.0,277950.0,2258.0
2025-05-29,2271.0,2294.0,2269.0,2289.0,486013.0,2289.0
2025-05-30,2266.0,2299.0,2266.0,2295.0,255753.0,2295.0
2025-06-02,2287.0,2287.0,2263.0,2269.0,336119.0,2269.0
2025-06-03,2269.0,2275.0,2259.0,2266.0,184948.0,2266.0
2025-06-04,2276.0,2280.0,2271.0,2275.0,271819.0,2275.0
2025-06-05,2258.0,2259.0,2237.0,2239.0,491368.0,2239.0
2025-06-06,2248.0,2255.0,2244.0,2248.0,271903.0,2248.0
2025-06-09,2258.0,2264.0,2251.0,2253.0,236974.0,2253.0
2025-06-10,2256.0,2263.0,2246.0,2253.0,307171.0,2253.0
2025-06-11,2255.0,2259.0,2247.0,2257.0,358512.0,2257.0
2025-06-12,2256.0,2261.0,2247.0,2253.0,236097.0,2253.0
2025-06-13,2251.0,2251.0,2231.0,2233.0,505355.0,2233.0
2025-06-16,2254.0,2263.0,2246.0,2251.0,696593.0,2251.0
2025-06-17,2245.0,2248.0,2237.0,2246.0,428272.0,2246.0
2025-06-18,2237.0,2257.0,2237.0,2257.0,368069.0,2257.0
2025-06-19,2254.0,2254.0,2235.0,2244.0,331153.0,2244.0
2025-06-20,2241.0,2244.0,2227.0,2227.0,317518.0,2227.0
2025-06-23,2223.0,2223.0,2204.0,2220.0,390096.0,2220.0
2025-06-24,2226.0,2235.0,2217.0,2219.0,411054.0,2219.0
2025-06-25,2226.0,2227.0,2209.0,2217.0,373940.0,2217.0
2025-06-26,2216.0,2232.0,2216.0,2231.0,362463.0,2231.0
2025-06-27,2241.0,2255.0,2239.0,2246.0,326825.0,2246.0
2025-06-30,2263.0,2267.0,2253.0,2258.0,666390.0,2258.0
2025-07-01,2249.0,2255.0,2238.0,2247.0,286790.0,2247.0
2025-07-02,2240.0,2262.0,2235.0,2260.0,400330.0,2260.0
2025-07-03,2260.0,2279.0,2255.0,2275.0,490121.0,2275.0
2025-07-04,2278.0,2283.0,2261.0,2262.0,304747.0,2262.0
2025-07-07,2262.0,2265.0,2235.0,2235.0,370440.0,2235.0
2025-07-08,2234.0,2250.0,2233.0,2245.0,517683.0,2245.0
2025-07-09,2257.0,2276.0,2254.0,2272.0,599154.0,2272.0
2025-07-10,2272.0,2272.0,2252.0,2255.0,178795.0,2255.0
2025-07-11,2268.0,2291.0,2268.0,2284.0,450895.0,2284.0
2025-07-14,2284.0,2293.0,2274.0,2285.0,287733.0,2285.0
2025-07-15,2290.0,2297.0,2278.0,2279.0,220131.0,2279.0
2025-07-16,2280.0,2280.0,2265.0,2268.0,182512.0,2268.0
2025-07-17,2261.0,2276.0,2260.0,2272.0,176674.0,2272.0
2025-07-18,2281.0,2283.0,2266.0,2270.0,213461.0,2270.0
2025-07-22,2270.0,2284.0,2258.0,2269.0,366345.0,2269.0
2025-07-23,2309.0,2367.0,2309.0,2356.0,1688219.0,2356.0
2025-07-24,2375.0,2394.0,2371.0,2391.0,901636.0,2391.0
2025-07-25,2378.0,2380.0,2360.0,2365.0,390518.0,2365.0
2025-07-28,2361.0,2365.0,2354.0,2360.0,262791.0,2360.0
2025-07-29,2348.0,2348.0,2333.0,2336.0,409945.0,2336.0
2025-07-30,2340.0,2348.0,2335.0,2345.0,255330.0,2345.0
2025-07-31,2347.0,2363.0,2347.0,2361.0,293134.0,2361.0
2025-08-01,2362.0,2384.0,2361.0,2377.0,519716.0,2377.0
2025-08-04,2331.0,2350.0,2322.0,2350.0,521514.0,2350.0
2025-08-05,2355.0,2374.0,2349.0,2367.0,456232.0,2367.0
2025-08-06,2367.0,2397.0,2365.0,2394.0,457698.0,2394.0
2025-08-07,2391.0,2407.0,2386.0,2403.0,544750.0,2403.0
2025-08-08,2412.0,2442.0,2409.0,2436.0,1008424.0,2436.0
2025-08-12,2447.0,2480.0,2447.0,2473.0,953523.0,2473.0
2025-08-13,2481.0,2491.0,2473.0,2480.0,855029.0,2480.0
2025-08-14,2469.0,2473.0,2453.0,2460.0,386971.0,2460.0
2025-08-15,2459.0,2489.0,2459.0,2489.0,339564.0,2489.0
2025-08-18,2490.0,2503.0,2490.0,2497.0,367558.0,2497.0
2025-08-19,2500.0,2508.0,2490.0,2504.0,524392.0,2504.0
2025-08-20,2505.0,2519.0,2500.0,2505.0,596411.0,2505.0
2025-08-21,2509.0,2512.0,2497.0,2506.0,290567.0,2506.0
2025-08-22,2515.0,2524.0,2504.0,2522.0,273119.0,2522.0
2025-08-25,2542.0,2550.0,2526.0,2534.0,341646.0,2534.0
2025-08-26,2531.0,2531.0,2498.0,2509.0,786265.0,2509.0
2025-08-27,2510.0,2513.0,2501.0,2507.0,278694.0,2507.0
2025-08-28,2504.0,2524.0,2501.0,2522.0,187624.0,2522.0
2025-08-29,2522.0,2523.0,2515.0,2519.0,206633.0,2519.0
2025-09-01,2514.0,2535.0,2509.0,2526.0,535812.0,2526.0
2025-09-02,2536.0,2558.0,2532.0,2554.0,412464.0,2554.0
2025-09-03,2562.0,2563.0,2528.0,2531.0,339503.0,2531.0
2025-09-04,2540.0,2560.0,2535.0,2558.0,205848.0,2558.0
2025-09-05,2584.0,2596.0,2574.0,2590.0,431974.0,2590.0
2025-09-08,2614.0,2625.0,2596.0,2625.0,416570.0,2625.0
2025-09-09,2623.0,2627.0,2589.0,2599.0,719138.0,2599.0
2025-09-10,2592.0,2597.0,2581.0,2597.0,381081.0,2597.0
2025-09-11,2597.0,2602.0,2582.0,2586.0,407924.0,2586.0
2025-09-12,2605.0,2609.0,2593.0,2596.0,278366.0,2596.0
2025-09-16,2602.0,2612.0,2596.0,2602.0,576478.0,2602.0
2025-09-17,2601.0,2601.0,2570.0,2583.0,335310.0,2583.0
2025-09-18,2597.0,2597.0,2568.0,2584.0,414691.0,2584.0
2025-09-19,2592.0,2606.0,2565.0,2580.0,578165.0,2580.0
2025-09-22,2578.0,2590.0,2573.0,2587.0,375502.0,2587.0
2025-09-24,2596.0,2600.0,2574.0,2582.0,444150.0,2582.0
2025-09-25,2592.0,2601.0,2587.0,2594.0,403171.0,2594.0
2025-09-26,2600.0,2618.0,2592.0,2605.0,383937.0,2605.0
2025-09-29,2625.0,2625.0,2582.0,2590.0,449650.0,2590.0
2025-09-30,2580.0,2594.0,2567.0,2586.0,302725.0,2586.0
2025-10-01,2592.0,2595.0,2564.0,2574.0,374400.0,2574.0
2025-10-02,2588.0,2588.0,2520.0,2560.0,512757.0,2560.0
2025-10-03,2535.0,2564.0,2535.0,2548.0,613705.0,2548.0
2025-10-06,2601.0,2601.0,2551.0,2555.0,793702.0,2555.0
2025-10-07,2560.0,2582.0,2557.0,2560.0,792750.0,2560.0
2025-10-08,2578.0,2586.0,2559.0,2567.0,341468.0,2567.0
2025-10-09,2563.0,2569.0,2556.0,2562.0,414754.0,2562.0
2025-10-10,2553.0,2553.0,2514.0,2530.0,566149.0,2530.0
2025-10-14,2480.0,2516.0,2468.0,2483.0,1235991.0,2483.0
2025-10-15,2505.0,2512.0,2498.0,2507.0,421343.0,2507.0
2025-10-16,2529.0,2532.0,2512.0,2521.0,311674.0,2521.0
2025-10-17,2500.0,2513.0,2496.0,2498.0,460895.0,2498.0
2025-10-20,2535.0,2550.0,2524.0,2550.0,349023.0,2550.0
2025-10-21,2560.0,2567.0,2549.0,2553.0,359327.0,2553.0
2025-10-22,2558.0,2583.0,2555.0,2579.0,423371.0,2579.0
2025-10-23,2570.0,2580.0,2561.0,2580.0,338602.0,2580.0
2025-10-24,2583.0,2589.0,2576.0,2586.0,207135.0,2586.0
2025-10-27,2603.0,2627.0,2602.0,2627.0,606298.0,2627.0
2025-10-28,2626.0,2626.0,2588.0,2592.0,516570.0,2592.0
2025-10-29,2598.0,2598.0,2565.0,2565.0,489744.0,2565.0
2025-10-30,2567.0,2595.0,2565.0,2590.0,504061.0,2590.0
